ProteinA,ProteinB,time0,time1,time2,time3,time4,time5,time6,time7,time8,time9,time10,time11,time12,time13,time14,time15,time16,time17,time18,time19,time20
0,0,1.38E-09,1.14E-07,5.82E-07,1.07E-06,1.37E-06,1.52E-06,1.60E-06,1.65E-06,1.69E-06,1.72E-06,1.75E-06,1.77E-06,1.79E-06,1.81E-06,1.83E-06,1.84E-06,1.85E-06,1.87E-06,1.88E-06,1.88E-06,1.89E-06
0,1,1.41E-08,1.16E-06,5.92E-06,1.09E-05,1.39E-05,1.54E-05,1.62E-05,1.67E-05,1.71E-05,1.74E-05,1.77E-05,1.79E-05,1.81E-05,1.83E-05,1.84E-05,1.86E-05,1.87E-05,1.88E-05,1.89E-05,1.90E-05,1.90E-05
0,2,7.18E-08,5.94E-06,3.02E-05,5.56E-05,7.06E-05,7.82E-05,8.23E-05,8.48E-05,8.67E-05,8.81E-05,8.94E-05,9.04E-05,9.14E-05,9.22E-05,9.29E-05,9.36E-05,9.42E-05,9.48E-05,9.52E-05,9.56E-05,9.60E-05
0,3,2.45E-07,2.03E-05,1.03E-04,1.89E-04,2.40E-04,2.66E-04,2.79E-04,2.87E-04,2.93E-04,2.98E-04,3.02E-04,3.05E-04,3.08E-04,3.11E-04,3.13E-04,3.16E-04,3.17E-04,3.19E-04,3.20E-04,3.22E-04,3.23E-04
0,4,6.30E-07,5.20E-05,2.64E-04,4.85E-04,6.14E-04,6.78E-04,7.11E-04,7.31E-04,7.45E-04,7.56E-04,7.66E-04,7.74E-04,7.81E-04,7.88E-04,7.93E-04,7.98E-04,8.03E-04,8.06E-04,8.10E-04,8.13E-04,8.16E-04
0,5,1.30E-06,1.07E-04,5.44E-04,9.96E-04,0.001259087,0.0013883,0.001453524,0.001492234,0.001518985,0.001540336,0.001558102,0.001573256,0.00158687,0.001598768,0.001609111,0.001618952,0.001627224,0.001635106,0.00164166,0.001647185,0.001652213
0,6,2.24E-06,1.85E-04,9.38E-04,0.001713833,0.002161605,0.002376599,0.002484592,0.002545558,0.002589023,0.002622467,0.002648646,0.00267192,0.002693314,0.002711936,0.002729098,0.002743312,0.002756595,0.002766443,0.00277775,0.002785904,0.002794495
0,7,3.33E-06,2.75E-04,0.001391543,0.002537793,0.003192955,0.003503819,0.003655338,0.003737822,0.003795099,0.00383804,0.003871706,0.003903524,0.003929903,0.003952526,0.003973215,0.00399416,0.004010357,0.004023823,0.004037251,0.004045793,0.004058525
0,8,4.36E-06,3.60E-04,0.001815883,0.003304513,0.004146634,0.004538029,0.004723304,0.004823192,0.004885136,0.004930973,0.004971868,0.005001711,0.005030515,0.005058507,0.005081525,0.005101453,0.005117402,0.005136223,0.005150635,0.005160618,0.005173099
0,9,5.09E-06,4.20E-04,0.002117914,0.003845225,0.004812516,0.005253233,0.005452706,0.005554302,0.00561581,0.005660383,0.005695692,0.005723463,0.005750192,0.005775018,0.005793259,0.005812761,0.005828211,0.005842821,0.005856314,0.005867248,0.005878115
0,10,5.39E-06,4.45E-04,0.002237226,0.004050162,0.005051219,0.005501789,0.005694212,0.005786941,0.005836745,0.005871528,0.005897718,0.005919121,0.005938482,0.005954075,0.005969238,0.005983572,0.005995973,0.006004228,0.006016911,0.006020557,0.00603095
0,11,5.21E-06,4.30E-04,0.002162003,0.003904505,0.004855921,0.005266505,0.005439085,0.005508056,0.005545287,0.005564217,0.005580897,0.005592778,0.005601307,0.00561011,0.005615289,0.005624196,0.005629757,0.005634761,0.005639648,0.005643409,0.005645507
0,12,4.66E-06,3.84E-04,0.001928324,0.003472685,0.004304081,0.004655605,0.004789456,0.004838817,0.004857875,0.00486459,0.00486518,0.004869885,0.00486601,0.004868621,0.004868269,0.004870942,0.004868315,0.004870415,0.004868174,0.004869163,0.00486993
0,13,3.87E-06,3.19E-04,0.001599135,0.002871105,0.003545912,0.003821293,0.003919768,0.003946799,0.003953138,0.003948563,0.003940783,0.00393622,0.003927503,0.00391918,0.003916106,0.003910291,0.003906807,0.003904519,0.003899578,0.003897406,0.003894371
0,14,3.01E-06,2.48E-04,0.001240871,0.00222146,0.002733599,0.002935769,0.003000391,0.003011568,0.003007631,0.002995269,0.002984035,0.002970378,0.002959572,0.00295031,0.002942235,0.002934613,0.002927473,0.002921094,0.002916002,0.002911422,0.002906823
0,15,2.19E-06,1.81E-04,9.05E-04,0.001615854,0.001981735,0.002119866,0.002159318,0.002160419,0.002150147,0.002136017,0.002121899,0.002108795,0.002097007,0.002086425,0.002077058,0.002068254,0.002060819,0.002054076,0.002047707,0.002042791,0.002038121
0,16,1.51E-06,1.25E-04,6.23E-04,0.001110207,0.001357362,0.001446704,0.00146798,0.00146422,0.001452451,0.001438269,0.001425164,0.001413142,0.001402445,0.001392321,0.001383412,0.001375814,0.001369048,0.001363072,0.001357521,0.00135217,0.001347915
0,17,9.90E-07,8.17E-05,4.07E-04,7.24E-04,8.82E-04,9.36E-04,9.47E-04,9.41E-04,9.30E-04,9.19E-04,9.08E-04,8.98E-04,8.89E-04,8.81E-04,8.73E-04,8.67E-04,8.62E-04,8.57E-04,8.53E-04,8.48E-04,8.45E-04
0,18,6.15E-07,5.08E-05,2.53E-04,4.49E-04,5.45E-04,5.77E-04,5.81E-04,5.76E-04,5.67E-04,5.59E-04,5.51E-04,5.43E-04,5.36E-04,5.30E-04,5.25E-04,5.20E-04,5.16E-04,5.13E-04,5.09E-04,5.06E-04,5.04E-04
0,19,3.65E-07,3.01E-05,1.50E-04,2.65E-04,3.21E-04,3.39E-04,3.40E-04,3.36E-04,3.30E-04,3.24E-04,3.19E-04,3.14E-04,3.09E-04,3.05E-04,3.01E-04,2.98E-04,2.95E-04,2.93E-04,2.90E-04,2.88E-04,2.87E-04
0,20,2.07E-07,1.71E-05,8.50E-05,1.50E-04,1.81E-04,1.91E-04,1.91E-04,1.88E-04,1.84E-04,1.80E-04,1.77E-04,1.73E-04,1.70E-04,1.68E-04,1.65E-04,1.63E-04,1.62E-04,1.60E-04,1.59E-04,1.57E-04,1.56E-04
0,21,1.12E-07,9.28E-06,4.62E-05,8.14E-05,9.80E-05,1.03E-04,1.03E-04,1.01E-04,9.83E-05,9.60E-05,9.39E-05,9.19E-05,9.02E-05,8.86E-05,8.72E-05,8.60E-05,8.49E-05,8.39E-05,8.31E-05,8.23E-05,8.16E-05
0,22,5.86E-08,4.84E-06,2.41E-05,4.24E-05,5.09E-05,5.33E-05,5.30E-05,5.19E-05,5.05E-05,4.92E-05,4.80E-05,4.69E-05,4.59E-05,4.50E-05,4.42E-05,4.35E-05,4.29E-05,4.24E-05,4.19E-05,4.14E-05,4.10E-05
0,23,2.94E-08,2.43E-06,1.21E-05,2.12E-05,2.55E-05,2.66E-05,2.64E-05,2.57E-05,2.50E-05,2.43E-05,2.36E-05,2.30E-05,2.25E-05,2.20E-05,2.16E-05,2.12E-05,2.09E-05,2.06E-05,2.03E-05,2.01E-05,1.99E-05
0,24,1.42E-08,1.17E-06,5.82E-06,1.02E-05,1.23E-05,1.28E-05,1.26E-05,1.23E-05,1.19E-05,1.15E-05,1.12E-05,1.09E-05,1.06E-05,1.04E-05,1.02E-05,9.99E-06,9.82E-06,9.67E-06,9.53E-06,9.41E-06,9.31E-06
0,25,6.59E-09,5.45E-07,2.71E-06,4.76E-06,5.69E-06,5.91E-06,5.84E-06,5.67E-06,5.49E-06,5.31E-06,5.14E-06,4.99E-06,4.86E-06,4.74E-06,4.64E-06,4.54E-06,4.46E-06,4.38E-06,4.32E-06,4.26E-06,4.21E-06
0,26,2.96E-09,2.45E-07,1.22E-06,2.14E-06,2.55E-06,2.65E-06,2.61E-06,2.53E-06,2.44E-06,2.36E-06,2.28E-06,2.21E-06,2.15E-06,2.09E-06,2.04E-06,2.00E-06,1.96E-06,1.92E-06,1.89E-06,1.87E-06,1.84E-06
0,27,1.28E-09,1.06E-07,5.28E-07,9.27E-07,1.11E-06,1.15E-06,1.13E-06,1.09E-06,1.05E-06,1.01E-06,9.78E-07,9.47E-07,9.18E-07,8.93E-07,8.71E-07,8.52E-07,8.34E-07,8.18E-07,8.04E-07,7.92E-07,7.81E-07
0,28,5.38E-10,4.45E-08,2.22E-07,3.89E-07,4.64E-07,4.79E-07,4.71E-07,4.55E-07,4.38E-07,4.22E-07,4.07E-07,3.93E-07,3.81E-07,3.70E-07,3.60E-07,3.51E-07,3.44E-07,3.37E-07,3.31E-07,3.26E-07,3.21E-07
0,29,2.18E-10,1.81E-08,9.00E-08,1.58E-07,1.88E-07,1.94E-07,1.91E-07,1.84E-07,1.77E-07,1.70E-07,1.64E-07,1.58E-07,1.53E-07,1.48E-07,1.44E-07,1.41E-07,1.38E-07,1.35E-07,1.32E-07,1.30E-07,1.28E-07
0,30,8.58E-11,7.11E-09,3.54E-08,6.21E-08,7.40E-08,7.64E-08,7.49E-08,7.22E-08,6.93E-08,6.65E-08,6.39E-08,6.17E-08,5.96E-08,5.78E-08,5.62E-08,5.47E-08,5.34E-08,5.23E-08,5.13E-08,5.04E-08,4.96E-08
0,31,3.27E-11,2.71E-09,1.35E-08,2.37E-08,2.82E-08,2.91E-08,2.85E-08,2.75E-08,2.63E-08,2.53E-08,2.43E-08,2.34E-08,2.26E-08,2.19E-08,2.12E-08,2.07E-08,2.02E-08,1.97E-08,1.93E-08,1.90E-08,1.87E-08
0,32,1.21E-11,1.00E-09,5.00E-09,8.78E-09,1.04E-08,1.08E-08,1.05E-08,1.01E-08,9.72E-09,9.31E-09,8.93E-09,8.60E-09,8.30E-09,8.03E-09,7.79E-09,7.58E-09,7.39E-09,7.23E-09,7.08E-09,6.94E-09,6.83E-09
0,33,4.35E-12,3.61E-10,1.80E-09,3.16E-09,3.76E-09,3.87E-09,3.79E-09,3.64E-09,3.48E-09,3.34E-09,3.20E-09,3.08E-09,2.97E-09,2.87E-09,2.78E-09,2.71E-09,2.64E-09,2.57E-09,2.52E-09,2.47E-09,2.43E-09
0,34,1.52E-12,1.26E-10,6.29E-10,1.10E-09,1.31E-09,1.35E-09,1.32E-09,1.27E-09,1.22E-09,1.16E-09,1.11E-09,1.07E-09,1.03E-09,9.97E-10,9.67E-10,9.39E-10,9.15E-10,8.93E-10,8.74E-10,8.57E-10,8.41E-10
0,35,5.16E-13,4.28E-11,2.14E-10,3.75E-10,4.47E-10,4.60E-10,4.49E-10,4.31E-10,4.12E-10,3.94E-10,3.78E-10,3.62E-10,3.49E-10,3.37E-10,3.27E-10,3.17E-10,3.09E-10,3.01E-10,2.95E-10,2.89E-10,2.84E-10
0,36,1.70E-13,1.41E-11,7.06E-11,1.24E-10,1.48E-10,1.52E-10,1.49E-10,1.43E-10,1.36E-10,1.30E-10,1.25E-10,1.20E-10,1.15E-10,1.11E-10,1.08E-10,1.04E-10,1.02E-10,9.91E-11,9.70E-11,9.49E-11,9.32E-11
0,37,5.49E-14,4.55E-12,2.27E-11,4.00E-11,4.76E-11,4.90E-11,4.78E-11,4.59E-11,4.38E-11,4.18E-11,4.00E-11,3.84E-11,3.70E-11,3.57E-11,3.45E-11,3.35E-11,3.26E-11,3.18E-11,3.11E-11,3.04E-11,2.99E-11
0,38,1.72E-14,1.43E-12,7.13E-12,1.25E-11,1.49E-11,1.54E-11,1.50E-11,1.44E-11,1.37E-11,1.31E-11,1.25E-11,1.20E-11,1.16E-11,1.12E-11,1.08E-11,1.05E-11,1.02E-11,9.93E-12,9.70E-12,9.50E-12,9.32E-12
0,39,5.26E-15,4.36E-13,2.18E-12,3.84E-12,4.57E-12,4.71E-12,4.59E-12,4.40E-12,4.20E-12,4.01E-12,3.83E-12,3.67E-12,3.53E-12,3.41E-12,3.30E-12,3.20E-12,3.11E-12,3.03E-12,2.96E-12,2.90E-12,2.84E-12
0,40,1.57E-15,1.30E-13,6.51E-13,1.15E-12,1.36E-12,1.40E-12,1.37E-12,1.31E-12,1.25E-12,1.19E-12,1.14E-12,1.09E-12,1.05E-12,1.01E-12,9.81E-13,9.51E-13,9.25E-13,9.01E-13,8.80E-13,8.61E-13,8.45E-13
0,41,4.56E-16,3.79E-14,1.90E-13,3.34E-13,3.98E-13,4.09E-13,3.99E-13,3.83E-13,3.65E-13,3.48E-13,3.32E-13,3.18E-13,3.06E-13,2.95E-13,2.85E-13,2.77E-13,2.69E-13,2.62E-13,2.56E-13,2.50E-13,2.45E-13
0,42,1.30E-16,1.08E-14,5.39E-14,9.50E-14,1.13E-13,1.16E-13,1.14E-13,1.09E-13,1.04E-13,9.89E-14,9.45E-14,9.05E-14,8.70E-14,8.39E-14,8.10E-14,7.85E-14,7.63E-14,7.43E-14,7.25E-14,7.10E-14,6.96E-14
0,43,3.60E-17,2.99E-15,1.50E-14,2.64E-14,3.15E-14,3.24E-14,3.16E-14,3.03E-14,2.89E-14,2.75E-14,2.62E-14,2.51E-14,2.41E-14,2.33E-14,2.25E-14,2.18E-14,2.12E-14,2.06E-14,2.01E-14,1.97E-14,1.93E-14
0,44,9.78E-18,8.12E-16,4.07E-15,7.18E-15,8.56E-15,8.81E-15,8.59E-15,8.22E-15,7.84E-15,7.47E-15,7.13E-15,6.83E-15,6.56E-15,6.32E-15,6.11E-15,5.91E-15,5.75E-15,5.59E-15,5.46E-15,5.34E-15,5.23E-15
0,45,2.60E-18,2.16E-16,1.08E-15,1.91E-15,2.27E-15,2.34E-15,2.28E-15,2.19E-15,2.08E-15,1.98E-15,1.89E-15,1.81E-15,1.74E-15,1.68E-15,1.62E-15,1.57E-15,1.52E-15,1.48E-15,1.45E-15,1.42E-15,1.39E-15
0,46,6.75E-19,5.61E-17,2.81E-16,4.96E-16,5.92E-16,6.09E-16,5.94E-16,5.69E-16,5.42E-16,5.16E-16,4.93E-16,4.72E-16,4.53E-16,4.36E-16,4.21E-16,4.08E-16,3.96E-16,3.86E-16,3.76E-16,3.68E-16,3.60E-16
0,47,1.72E-19,1.43E-17,7.15E-17,1.26E-16,1.51E-16,1.55E-16,1.51E-16,1.45E-16,1.38E-16,1.31E-16,1.25E-16,1.20E-16,1.15E-16,1.11E-16,1.07E-16,1.04E-16,1.01E-16,9.81E-17,9.57E-17,9.36E-17,9.17E-17
0,48,4.28E-20,3.55E-18,1.78E-17,3.15E-17,3.76E-17,3.87E-17,3.77E-17,3.61E-17,3.44E-17,3.27E-17,3.12E-17,2.99E-17,2.87E-17,2.77E-17,2.67E-17,2.59E-17,2.51E-17,2.44E-17,2.38E-17,2.33E-17,2.28E-17
0,49,1.04E-20,8.68E-19,4.35E-18,7.69E-18,9.18E-18,9.45E-18,9.22E-18,8.82E-18,8.40E-18,8.00E-18,7.64E-18,7.31E-18,7.01E-18,6.75E-18,6.52E-18,6.31E-18,6.13E-18,5.96E-18,5.82E-18,5.69E-18,5.57E-18
0,50,1.75E-21,1.45E-19,7.25E-19,1.28E-18,1.52E-18,1.55E-18,1.51E-18,1.44E-18,1.36E-18,1.29E-18,1.22E-18,1.17E-18,1.11E-18,1.07E-18,1.03E-18,9.91E-19,9.59E-19,9.30E-19,9.05E-19,8.83E-19,8.63E-19
1,0,1.38E-08,6.35E-07,2.30E-06,3.61E-06,4.30E-06,4.65E-06,4.86E-06,4.99E-06,5.10E-06,5.18E-06,5.26E-06,5.33E-06,5.38E-06,5.44E-06,5.48E-06,5.52E-06,5.56E-06,5.59E-06,5.62E-06,5.64E-06,5.67E-06
1,1,1.40E-07,6.47E-06,2.34E-05,3.67E-05,4.37E-05,4.72E-05,4.92E-05,5.05E-05,5.16E-05,5.24E-05,5.31E-05,5.38E-05,5.43E-05,5.48E-05,5.53E-05,5.57E-05,5.60E-05,5.63E-05,5.66E-05,5.68E-05,5.71E-05
1,2,7.16E-07,3.30E-05,1.19E-04,1.87E-04,2.22E-04,2.40E-04,2.50E-04,2.56E-04,2.61E-04,2.65E-04,2.69E-04,2.72E-04,2.74E-04,2.77E-04,2.79E-04,2.81E-04,2.83E-04,2.84E-04,2.85E-04,2.87E-04,2.88E-04
1,3,2.44E-06,1.13E-04,4.07E-04,6.37E-04,7.56E-04,8.14E-04,8.46E-04,8.68E-04,8.84E-04,8.96E-04,9.08E-04,9.18E-04,9.26E-04,9.34E-04,9.41E-04,9.46E-04,9.52E-04,9.57E-04,9.61E-04,9.65E-04,9.68E-04
1,4,6.28E-06,2.90E-04,0.001044878,0.001631242,0.001931766,0.002079382,0.002158,0.002209122,0.002245976,0.002277904,0.002303753,0.002327943,0.002348233,0.002364902,0.002383128,0.002396004,0.002407894,0.002419727,0.002430149,0.002439356,0.002447979
1,5,1.30E-05,5.98E-04,0.002153465,0.003356293,0.003966412,0.004259069,0.004415073,0.004509454,0.00458197,0.004639396,0.004689118,0.004733484,0.004771632,0.004804557,0.004835786,0.004861711,0.004886796,0.00490498,0.004925859,0.004942128,0.00495616
1,6,2.24E-05,0.001032637,0.003712316,0.005773425,0.006810499,0.007298772,0.007551475,0.00770273,0.007813771,0.007905126,0.007978048,0.008046002,0.008101402,0.008153054,0.008196978,0.008239536,0.008273859,0.008307515,0.008335597,0.008362041,0.008383474
1,7,3.33E-05,0.001535352,0.005511397,0.008553303,0.010065827,0.010759595,0.01111098,0.011315086,0.01145733,0.011573399,0.011668357,0.011751495,0.011823674,0.011890157,0.011946142,0.012001394,0.012045682,0.012086788,0.012119686,0.012154723,0.012182826
1,8,4.35E-05,0.00200737,0.007198306,0.011147543,0.013078476,0.013944563,0.014365399,0.014601869,0.014757134,0.014883554,0.014987047,0.015075726,0.015153296,0.015224876,0.015284556,0.015336626,0.015385938,0.015428524,0.015466058,0.015502903,0.015528423
1,9,5.09E-05,0.002346465,0.008401929,0.012977567,0.015188938,0.016150774,0.016589096,0.016824178,0.01697174,0.017081255,0.017177679,0.017254908,0.017325075,0.017380388,0.017439695,0.01748408,0.017522419,0.017567419,0.017597273,0.01762722,0.017653242
1,10,5.39E-05,0.002483547,0.008881792,0.01368028,0.015960876,0.016918916,0.017335983,0.017538251,0.017650496,0.017734556,0.017799398,0.017849594,0.017898716,0.017939942,0.017975291,0.018004302,0.018031824,0.018055815,0.018083755,0.018113106,0.018116271
1,11,5.22E-05,0.002404988,0.00858749,0.013191707,0.015341592,0.016216915,0.016562078,0.016709972,0.016780654,0.016817389,0.016846333,0.016870635,0.016890857,0.016908092,0.016920213,0.016933428,0.016941642,0.016955836,0.016965985,0.016967772,0.016978793
1,12,4.66E-05,0.002150203,0.007662936,0.011738913,0.013607003,0.014333156,0.014598411,0.014685442,0.014705565,0.014708991,0.014703663,0.014693625,0.014684179,0.014676868,0.014676589,0.01466856,0.014663728,0.014654216,0.014653558,0.014646857,0.014645692
1,13,3.87E-05,0.001786083,0.006358395,0.009713043,0.011221725,0.011777419,0.011954513,0.011989898,0.011973585,0.011943894,0.011912207,0.011880172,0.011856072,0.01182816,0.01180759,0.011788611,0.011769791,0.011754467,0.011741522,0.011729403,0.011718404
1,14,3.01E-05,0.001387739,0.004934599,0.007517844,0.008653473,0.009051407,0.009155771,0.009152768,0.009111385,0.009067996,0.009021333,0.008980035,0.008943225,0.008908527,0.008876886,0.008848551,0.0088248,0.008805365,0.00878817,0.008769357,0.0087557
1,15,2.20E-05,0.001014128,0.003602113,0.005468471,0.00627621,0.006540854,0.006590931,0.006567861,0.006519504,0.006469114,0.006421547,0.006377368,0.006337543,0.006299575,0.00626843,0.006239977,0.006217774,0.006193658,0.00617304,0.006154999,0.006139849
1,16,1.52E-05,7.00E-04,0.00248155,0.003761918,0.004299426,0.004465854,0.00448295,0.004451997,0.004406777,0.004358731,0.004316509,0.004275609,0.004238967,0.004207449,0.004178401,0.004154194,0.004131653,0.004113061,0.004094068,0.004076651,0.004063702
1,17,9.91E-06,4.57E-04,0.001621547,0.002451251,0.002793794,0.002890383,0.002892157,0.002862095,0.002824318,0.002785709,0.002750169,0.002717359,0.002689505,0.002663192,0.002641668,0.00262088,0.002603282,0.002586151,0.002571208,0.002558914,0.002547691
1,18,6.16E-06,2.85E-04,0.001008022,0.001520229,0.001727443,0.001780682,0.00177597,0.001751406,0.001722762,0.001693935,0.001668203,0.001644322,0.001623537,0.001604573,0.001588176,0.001572862,0.001559749,0.001548048,0.00153726,0.001528359,0.001519915
1,19,3.66E-06,1.69E-04,5.97E-04,8.99E-04,0.001018802,0.00104735,0.001040119,0.00102324,0.001003099,9.84E-04,9.66E-04,9.50E-04,9.36E-04,9.22E-04,9.11E-04,9.01E-04,8.92E-04,8.85E-04,8.77E-04,8.71E-04,8.66E-04
1,20,2.07E-06,9.58E-05,3.39E-04,5.09E-04,5.75E-04,5.89E-04,5.84E-04,5.72E-04,5.59E-04,5.47E-04,5.35E-04,5.25E-04,5.16E-04,5.08E-04,5.01E-04,4.95E-04,4.89E-04,4.83E-04,4.79E-04,4.75E-04,4.72E-04
1,21,1.13E-06,5.21E-05,1.84E-04,2.76E-04,3.11E-04,3.18E-04,3.14E-04,3.07E-04,2.99E-04,2.92E-04,2.85E-04,2.79E-04,2.73E-04,2.68E-04,2.64E-04,2.60E-04,2.57E-04,2.54E-04,2.51E-04,2.49E-04,2.47E-04
1,22,5.87E-07,2.72E-05,9.59E-05,1.44E-04,1.62E-04,1.65E-04,1.62E-04,1.58E-04,1.54E-04,1.49E-04,1.46E-04,1.42E-04,1.39E-04,1.36E-04,1.34E-04,1.32E-04,1.30E-04,1.28E-04,1.27E-04,1.25E-04,1.24E-04
1,23,2.94E-07,1.36E-05,4.81E-05,7.20E-05,8.08E-05,8.21E-05,8.07E-05,7.83E-05,7.60E-05,7.37E-05,7.17E-05,6.98E-05,6.82E-05,6.67E-05,6.54E-05,6.43E-05,6.33E-05,6.24E-05,6.15E-05,6.08E-05,6.01E-05
1,24,1.42E-07,6.57E-06,2.32E-05,3.47E-05,3.89E-05,3.94E-05,3.86E-05,3.75E-05,3.63E-05,3.51E-05,3.41E-05,3.31E-05,3.22E-05,3.15E-05,3.09E-05,3.03E-05,2.97E-05,2.93E-05,2.88E-05,2.85E-05,2.81E-05
1,25,6.61E-08,3.06E-06,1.08E-05,1.61E-05,1.80E-05,1.83E-05,1.79E-05,1.73E-05,1.67E-05,1.61E-05,1.56E-05,1.52E-05,1.47E-05,1.44E-05,1.41E-05,1.38E-05,1.35E-05,1.33E-05,1.31E-05,1.29E-05,1.27E-05
1,26,2.96E-08,1.37E-06,4.85E-06,7.24E-06,8.09E-06,8.17E-06,7.98E-06,7.71E-06,7.42E-06,7.16E-06,6.92E-06,6.70E-06,6.51E-06,6.34E-06,6.19E-06,6.06E-06,5.93E-06,5.83E-06,5.73E-06,5.65E-06,5.57E-06
1,27,1.29E-08,5.95E-07,2.10E-06,3.14E-06,3.50E-06,3.54E-06,3.45E-06,3.32E-06,3.19E-06,3.08E-06,2.97E-06,2.87E-06,2.78E-06,2.71E-06,2.64E-06,2.58E-06,2.53E-06,2.48E-06,2.43E-06,2.40E-06,2.36E-06
1,28,5.39E-09,2.50E-07,8.83E-07,1.32E-06,1.47E-06,1.48E-06,1.44E-06,1.39E-06,1.33E-06,1.28E-06,1.23E-06,1.19E-06,1.15E-06,1.12E-06,1.09E-06,1.07E-06,1.04E-06,1.02E-06,1.00E-06,9.86E-07,9.71E-07
1,29,2.19E-09,1.01E-07,3.58E-07,5.35E-07,5.96E-07,6.00E-07,5.83E-07,5.60E-07,5.38E-07,5.17E-07,4.97E-07,4.79E-07,4.64E-07,4.50E-07,4.38E-07,4.27E-07,4.17E-07,4.08E-07,4.01E-07,3.93E-07,3.87E-07
1,30,8.61E-10,3.99E-08,1.41E-07,2.10E-07,2.34E-07,2.36E-07,2.29E-07,2.20E-07,2.11E-07,2.02E-07,1.94E-07,1.87E-07,1.81E-07,1.75E-07,1.70E-07,1.66E-07,1.62E-07,1.58E-07,1.55E-07,1.53E-07,1.50E-07
1,31,3.28E-10,1.52E-08,5.38E-08,8.03E-08,8.94E-08,8.99E-08,8.72E-08,8.36E-08,8.00E-08,7.66E-08,7.36E-08,7.08E-08,6.84E-08,6.62E-08,6.43E-08,6.26E-08,6.11E-08,5.97E-08,5.85E-08,5.74E-08,5.65E-08
1,32,1.21E-10,5.63E-09,1.99E-08,2.97E-08,3.31E-08,3.33E-08,3.22E-08,3.09E-08,2.95E-08,2.82E-08,2.71E-08,2.61E-08,2.52E-08,2.43E-08,2.36E-08,2.30E-08,2.24E-08,2.19E-08,2.14E-08,2.10E-08,2.07E-08
1,33,4.36E-11,2.02E-09,7.16E-09,1.07E-08,1.19E-08,1.19E-08,1.16E-08,1.11E-08,1.06E-08,1.01E-08,9.70E-09,9.33E-09,8.99E-09,8.69E-09,8.43E-09,8.19E-09,7.98E-09,7.80E-09,7.63E-09,7.48E-09,7.35E-09
1,34,1.52E-11,7.06E-10,2.50E-09,3.74E-09,4.16E-09,4.17E-09,4.04E-09,3.86E-09,3.69E-09,3.52E-09,3.38E-09,3.25E-09,3.13E-09,3.02E-09,2.93E-09,2.84E-09,2.77E-09,2.70E-09,2.64E-09,2.59E-09,2.55E-09
1,35,5.17E-12,2.40E-10,8.50E-10,1.27E-09,1.41E-09,1.42E-09,1.37E-09,1.31E-09,1.25E-09,1.19E-09,1.14E-09,1.10E-09,1.06E-09,1.02E-09,9.89E-10,9.61E-10,9.35E-10,9.12E-10,8.92E-10,8.74E-10,8.58E-10
1,36,1.71E-12,7.92E-11,2.81E-10,4.20E-10,4.67E-10,4.69E-10,4.53E-10,4.33E-10,4.13E-10,3.94E-10,3.77E-10,3.62E-10,3.49E-10,3.36E-10,3.26E-10,3.16E-10,3.08E-10,3.00E-10,2.93E-10,2.87E-10,2.82E-10
1,37,5.50E-13,2.55E-11,9.05E-11,1.35E-10,1.50E-10,1.51E-10,1.46E-10,1.39E-10,1.33E-10,1.27E-10,1.21E-10,1.16E-10,1.12E-10,1.08E-10,1.04E-10,1.01E-10,9.86E-11,9.61E-11,9.40E-11,9.20E-11,9.03E-11
1,38,1.72E-13,7.99E-12,2.84E-11,4.24E-11,4.72E-11,4.73E-11,4.58E-11,4.37E-11,4.16E-11,3.97E-11,3.80E-11,3.64E-11,3.50E-11,3.38E-11,3.27E-11,3.17E-11,3.08E-11,3.01E-11,2.94E-11,2.87E-11,2.82E-11
1,39,5.27E-14,2.44E-12,8.68E-12,1.30E-11,1.45E-11,1.45E-11,1.40E-11,1.34E-11,1.27E-11,1.21E-11,1.16E-11,1.11E-11,1.07E-11,1.03E-11,9.97E-12,9.67E-12,9.40E-12,9.16E-12,8.94E-12,8.75E-12,8.58E-12
1,40,1.57E-14,7.29E-13,2.59E-12,3.87E-12,4.31E-12,4.33E-12,4.18E-12,3.99E-12,3.80E-12,3.62E-12,3.46E-12,3.31E-12,3.19E-12,3.07E-12,2.97E-12,2.88E-12,2.80E-12,2.72E-12,2.66E-12,2.60E-12,2.55E-12
1,41,4.57E-15,2.12E-13,7.54E-13,1.13E-12,1.26E-12,1.26E-12,1.22E-12,1.16E-12,1.11E-12,1.05E-12,1.01E-12,9.64E-13,9.26E-13,8.93E-13,8.63E-13,8.36E-13,8.13E-13,7.92E-13,7.73E-13,7.56E-13,7.41E-13
1,42,1.30E-15,6.03E-14,2.14E-13,3.21E-13,3.58E-13,3.59E-13,3.46E-13,3.31E-13,3.14E-13,3.00E-13,2.86E-13,2.74E-13,2.63E-13,2.54E-13,2.45E-13,2.37E-13,2.31E-13,2.25E-13,2.19E-13,2.15E-13,2.10E-13
1,43,3.61E-16,1.67E-14,5.96E-14,8.93E-14,9.94E-14,9.97E-14,9.63E-14,9.19E-14,8.74E-14,8.32E-14,7.95E-14,7.61E-14,7.31E-14,7.04E-14,6.80E-14,6.59E-14,6.40E-14,6.23E-14,6.08E-14,5.95E-14,5.83E-14
1,44,9.80E-17,4.55E-15,1.62E-14,2.42E-14,2.70E-14,2.71E-14,2.62E-14,2.50E-14,2.37E-14,2.26E-14,2.16E-14,2.07E-14,1.98E-14,1.91E-14,1.85E-14,1.79E-14,1.74E-14,1.69E-14,1.65E-14,1.61E-14,1.58E-14
1,45,2.60E-17,1.21E-15,4.30E-15,6.44E-15,7.18E-15,7.20E-15,6.96E-15,6.63E-15,6.31E-15,6.01E-15,5.73E-15,5.49E-15,5.27E-15,5.07E-15,4.90E-15,4.74E-15,4.61E-15,4.49E-15,4.38E-15,4.28E-15,4.19E-15
1,46,6.76E-18,3.14E-16,1.12E-15,1.68E-15,1.87E-15,1.87E-15,1.81E-15,1.73E-15,1.64E-15,1.56E-15,1.49E-15,1.43E-15,1.37E-15,1.32E-15,1.27E-15,1.23E-15,1.20E-15,1.16E-15,1.14E-15,1.11E-15,1.09E-15
1,47,1.72E-18,7.98E-17,2.84E-16,4.26E-16,4.76E-16,4.77E-16,4.61E-16,4.39E-16,4.18E-16,3.98E-16,3.79E-16,3.63E-16,3.48E-16,3.35E-16,3.24E-16,3.14E-16,3.05E-16,2.96E-16,2.89E-16,2.82E-16,2.77E-16
1,48,4.29E-19,1.99E-17,7.08E-17,1.06E-16,1.19E-16,1.19E-16,1.15E-16,1.10E-16,1.04E-16,9.91E-17,9.45E-17,9.04E-17,8.68E-17,8.35E-17,8.07E-17,7.81E-17,7.58E-17,7.38E-17,7.20E-17,7.04E-17,6.90E-17
1,49,1.05E-19,4.85E-18,1.73E-17,2.60E-17,2.90E-17,2.91E-17,2.81E-17,2.68E-17,2.54E-17,2.42E-17,2.31E-17,2.21E-17,2.12E-17,2.04E-17,1.97E-17,1.91E-17,1.85E-17,1.80E-17,1.76E-17,1.72E-17,1.68E-17
1,50,1.75E-20,8.11E-19,2.88E-18,4.31E-18,4.79E-18,4.78E-18,4.60E-18,4.36E-18,4.12E-18,3.90E-18,3.70E-18,3.52E-18,3.37E-18,3.23E-18,3.10E-18,2.99E-18,2.90E-18,2.81E-18,2.73E-18,2.66E-18,2.61E-18
2,0,6.86E-08,1.77E-06,4.54E-06,6.07E-06,6.76E-06,7.13E-06,7.36E-06,7.53E-06,7.67E-06,7.79E-06,7.90E-06,8.00E-06,8.08E-06,8.16E-06,8.22E-06,8.28E-06,8.33E-06,8.37E-06,8.42E-06,8.45E-06,8.49E-06
2,1,6.99E-07,1.80E-05,4.62E-05,6.17E-05,6.86E-05,7.23E-05,7.45E-05,7.62E-05,7.77E-05,7.88E-05,7.99E-05,8.07E-05,8.16E-05,8.23E-05,8.29E-05,8.35E-05,8.40E-05,8.44E-05,8.48E-05,8.52E-05,8.55E-05
2,2,3.57E-06,9.19E-05,2.36E-04,3.14E-04,3.49E-04,3.67E-04,3.79E-04,3.87E-04,3.93E-04,3.99E-04,4.04E-04,4.08E-04,4.12E-04,4.16E-04,4.19E-04,4.21E-04,4.24E-04,4.26E-04,4.28E-04,4.30E-04,4.31E-04
2,3,1.22E-05,3.14E-04,8.05E-04,0.001070759,0.001188552,0.001247365,0.001283723,0.001309966,0.00133142,0.001349166,0.001365356,0.00137894,0.001391245,0.00140213,0.001411666,0.001420671,0.001428227,0.001434732,0.001440468,0.001445918,0.001450796
2,4,3.14E-05,8.07E-04,0.00206668,0.002746392,0.003041017,0.00318694,0.003274251,0.003337796,0.003386932,0.003430387,0.003467147,0.003499705,0.003529215,0.003555143,0.003575889,0.003597822,0.003613724,0.003629845,0.00364327,0.003655438,0.003669646
2,5,6.47E-05,0.001666004,0.004261283,0.005650091,0.006245549,0.006532935,0.006703571,0.006815833,0.006912363,0.006993207,0.007060897,0.007119716,0.007174428,0.00722052,0.007262362,0.007301164,0.007334128,0.007363305,0.007387923,0.007413885,0.007431568
2,6,1.12E-04,0.002877423,0.007351122,0.009728117,0.010731301,0.011200639,0.011468165,0.011648849,0.011794059,0.011911864,0.012011847,0.012105266,0.012187028,0.012255984,0.012319713,0.012376563,0.012426228,0.012470156,0.012506967,0.012544608,0.012580335
2,7,1.66E-04,0.004279506,0.010920147,0.014421608,0.015870959,0.0165275,0.016882883,0.017117208,0.017297644,0.017448202,0.017571447,0.017696442,0.017788732,0.017877508,0.017959412,0.018032486,0.018092472,0.018153103,0.018200925,0.018244646,0.018281786
2,8,2.18E-04,0.005598757,0.014264753,0.018798176,0.020635847,0.02143598,0.021847503,0.022104748,0.022302834,0.022450058,0.022588335,0.022707867,0.022804366,0.02289066,0.022984412,0.023062622,0.023125136,0.023171948,0.02322371,0.023282826,0.02329863
2,9,2.54E-04,0.006548004,0.016663527,0.021897843,0.023964219,0.024825212,0.025250642,0.025475515,0.025643844,0.02578804,0.025904095,0.025998205,0.026080595,0.026153827,0.026228549,0.02629338,0.026353747,0.026386827,0.026435126,0.026469816,0.02650334
2,10,2.69E-04,0.006933488,0.01762652,0.023101112,0.025204131,0.02603172,0.026382364,0.026567958,0.026704403,0.026772978,0.026863208,0.026911806,0.026966363,0.027018417,0.027051846,0.027097961,0.027133653,0.027145062,0.027181745,0.027202433,0.02723801
2,11,2.61E-04,0.00671871,0.017050317,0.022290673,0.024249015,0.02495336,0.025231304,0.025328899,0.025383906,0.025400171,0.025431044,0.025447695,0.025461152,0.025468022,0.025486821,0.025488865,0.02548515,0.02552396,0.025533142,0.025520697,0.02551089
2,12,2.33E-04,0.006008926,0.015222954,0.019845394,0.021512585,0.022077508,0.022245102,0.022281382,0.022261605,0.022241881,0.022210533,0.022175297,0.022143746,0.022142746,0.022105126,0.022078063,0.022062749,0.022057734,0.02204808,0.022034187,0.022041677
2,13,1.94E-04,0.004995723,0.012637191,0.01642793,0.017751321,0.01815276,0.018227275,0.018196197,0.018134693,0.018070398,0.018004324,0.017947594,0.01789496,0.01784581,0.01780526,0.017769683,0.01773378,0.017703824,0.017679485,0.017659292,0.01763597
2,14,1.51E-04,0.003883276,0.009813821,0.012720667,0.013694447,0.013953625,0.013961711,0.013901299,0.013811274,0.013725859,0.013644572,0.013569153,0.013505165,0.013443501,0.013392028,0.013345563,0.013307691,0.013269993,0.013232699,0.013206701,0.013178834
2,15,1.10E-04,0.002838028,0.007163227,0.009262079,0.009934138,0.01009179,0.010057325,0.009982942,0.009885135,0.009796478,0.009716563,0.009642604,0.009575184,0.009516226,0.009461217,0.009418762,0.009374701,0.009337292,0.009305968,0.009279292,0.009249123
2,16,7.59E-05,0.001959027,0.004937665,0.006367296,0.006811214,0.006892193,0.0068433,0.006769957,0.006686505,0.00660516,0.006532173,0.00646924,0.006410076,0.006356443,0.006311753,0.006269981,0.00623411,0.006200832,0.006173595,0.006147362,0.006125611
2,17,4.97E-05,0.001281574,0.003228084,0.004153296,0.004426167,0.004462916,0.004418632,0.004354075,0.004286454,0.004223415,0.004163975,0.004114306,0.004068764,0.00402716,0.003991319,0.003956734,0.003929328,0.003904557,0.003879805,0.00386068,0.003841402
2,18,3.09E-05,7.97E-04,0.00200705,0.002575295,0.002737114,0.002749537,0.002713154,0.002664471,0.002615455,0.002569131,0.002527278,0.002489932,0.002456205,0.002426835,0.00239989,0.002376798,0.002356202,0.00233724,0.002320753,0.002306215,0.002292834
2,19,1.83E-05,4.73E-04,0.00118997,0.00152458,0.001614694,0.001617086,0.001590611,0.00155633,0.001523084,0.00149191,0.001463826,0.001438835,0.001416143,0.001396319,0.001378711,0.001362559,0.001348501,0.001336276,0.001325129,0.001314884,0.001306469
2,20,1.04E-05,2.68E-04,6.75E-04,8.63E-04,9.12E-04,9.10E-04,8.92E-04,8.70E-04,8.49E-04,8.30E-04,8.12E-04,7.96E-04,7.81E-04,7.69E-04,7.58E-04,7.48E-04,7.39E-04,7.31E-04,7.24E-04,7.17E-04,7.12E-04
2,21,5.65E-06,1.46E-04,3.67E-04,4.68E-04,4.93E-04,4.91E-04,4.80E-04,4.66E-04,4.54E-04,4.42E-04,4.32E-04,4.22E-04,4.14E-04,4.06E-04,4.00E-04,3.94E-04,3.89E-04,3.84E-04,3.80E-04,3.76E-04,3.73E-04
2,22,2.94E-06,7.61E-05,1.91E-04,2.44E-04,2.56E-04,2.54E-04,2.48E-04,2.41E-04,2.33E-04,2.27E-04,2.21E-04,2.15E-04,2.11E-04,2.07E-04,2.03E-04,1.99E-04,1.96E-04,1.94E-04,1.91E-04,1.89E-04,1.88E-04
2,23,1.48E-06,3.82E-05,9.58E-05,1.22E-04,1.28E-04,1.27E-04,1.23E-04,1.19E-04,1.15E-04,1.12E-04,1.09E-04,1.06E-04,1.03E-04,1.01E-04,9.91E-05,9.73E-05,9.57E-05,9.43E-05,9.31E-05,9.20E-05,9.10E-05
2,24,7.12E-07,1.84E-05,4.62E-05,5.88E-05,6.16E-05,6.09E-05,5.91E-05,5.70E-05,5.51E-05,5.33E-05,5.16E-05,5.02E-05,4.89E-05,4.78E-05,4.67E-05,4.58E-05,4.50E-05,4.43E-05,4.36E-05,4.31E-05,4.26E-05
2,25,3.31E-07,8.57E-06,2.15E-05,2.73E-05,2.86E-05,2.82E-05,2.73E-05,2.63E-05,2.54E-05,2.45E-05,2.37E-05,2.30E-05,2.23E-05,2.18E-05,2.13E-05,2.08E-05,2.04E-05,2.01E-05,1.98E-05,1.95E-05,1.93E-05
2,26,1.49E-07,3.85E-06,9.66E-06,1.23E-05,1.28E-05,1.26E-05,1.22E-05,1.17E-05,1.13E-05,1.09E-05,1.05E-05,1.02E-05,9.87E-06,9.61E-06,9.38E-06,9.17E-06,8.99E-06,8.82E-06,8.68E-06,8.54E-06,8.43E-06
2,27,6.45E-08,1.67E-06,4.19E-06,5.32E-06,5.56E-06,5.46E-06,5.27E-06,5.06E-06,4.85E-06,4.67E-06,4.50E-06,4.35E-06,4.22E-06,4.11E-06,4.00E-06,3.91E-06,3.82E-06,3.75E-06,3.69E-06,3.63E-06,3.57E-06
2,28,2.70E-08,7.00E-07,1.76E-06,2.23E-06,2.33E-06,2.28E-06,2.20E-06,2.11E-06,2.02E-06,1.94E-06,1.87E-06,1.81E-06,1.75E-06,1.70E-06,1.65E-06,1.61E-06,1.58E-06,1.55E-06,1.52E-06,1.49E-06,1.47E-06
2,29,1.10E-08,2.84E-07,7.14E-07,9.06E-07,9.44E-07,9.26E-07,8.91E-07,8.53E-07,8.17E-07,7.84E-07,7.54E-07,7.27E-07,7.03E-07,6.82E-07,6.63E-07,6.46E-07,6.31E-07,6.18E-07,6.06E-07,5.96E-07,5.86E-07
2,30,4.31E-09,1.12E-07,2.81E-07,3.56E-07,3.71E-07,3.64E-07,3.50E-07,3.34E-07,3.20E-07,3.06E-07,2.94E-07,2.83E-07,2.74E-07,2.65E-07,2.58E-07,2.51E-07,2.45E-07,2.40E-07,2.35E-07,2.31E-07,2.27E-07
2,31,1.64E-09,4.26E-08,1.07E-07,1.36E-07,1.42E-07,1.39E-07,1.33E-07,1.27E-07,1.21E-07,1.16E-07,1.12E-07,1.07E-07,1.04E-07,1.00E-07,9.74E-08,9.48E-08,9.25E-08,9.04E-08,8.85E-08,8.69E-08,8.54E-08
2,32,6.08E-10,1.58E-08,3.97E-08,5.03E-08,5.24E-08,5.13E-08,4.92E-08,4.69E-08,4.48E-08,4.28E-08,4.11E-08,3.95E-08,3.81E-08,3.69E-08,3.58E-08,3.48E-08,3.39E-08,3.31E-08,3.24E-08,3.18E-08,3.12E-08
2,33,2.19E-10,5.66E-09,1.43E-08,1.81E-08,1.88E-08,1.84E-08,1.77E-08,1.68E-08,1.61E-08,1.53E-08,1.47E-08,1.41E-08,1.36E-08,1.32E-08,1.28E-08,1.24E-08,1.21E-08,1.18E-08,1.15E-08,1.13E-08,1.11E-08
2,34,7.63E-11,1.98E-09,4.98E-09,6.32E-09,6.58E-09,6.43E-09,6.16E-09,5.88E-09,5.60E-09,5.35E-09,5.12E-09,4.91E-09,4.73E-09,4.57E-09,4.43E-09,4.30E-09,4.19E-09,4.09E-09,4.00E-09,3.92E-09,3.85E-09
2,35,2.59E-11,6.72E-10,1.69E-09,2.15E-09,2.24E-09,2.18E-09,2.09E-09,1.99E-09,1.90E-09,1.81E-09,1.73E-09,1.66E-09,1.60E-09,1.55E-09,1.50E-09,1.45E-09,1.42E-09,1.38E-09,1.35E-09,1.32E-09,1.30E-09
2,36,8.57E-12,2.22E-10,5.59E-10,7.10E-10,7.39E-10,7.22E-10,6.92E-10,6.59E-10,6.27E-10,5.98E-10,5.72E-10,5.48E-10,5.28E-10,5.09E-10,4.93E-10,4.78E-10,4.65E-10,4.54E-10,4.44E-10,4.35E-10,4.26E-10
2,37,2.76E-12,7.14E-11,1.80E-10,2.29E-10,2.38E-10,2.33E-10,2.23E-10,2.12E-10,2.02E-10,1.92E-10,1.84E-10,1.76E-10,1.69E-10,1.63E-10,1.58E-10,1.53E-10,1.49E-10,1.45E-10,1.42E-10,1.39E-10,1.36E-10
2,38,8.64E-13,2.24E-11,5.64E-11,7.17E-11,7.46E-11,7.30E-11,6.98E-11,6.64E-11,6.32E-11,6.02E-11,5.75E-11,5.51E-11,5.30E-11,5.11E-11,4.94E-11,4.80E-11,4.66E-11,4.54E-11,4.44E-11,4.34E-11,4.26E-11
2,39,2.64E-13,6.84E-12,1.73E-11,2.19E-11,2.28E-11,2.23E-11,2.13E-11,2.03E-11,1.93E-11,1.84E-11,1.76E-11,1.68E-11,1.62E-11,1.56E-11,1.51E-11,1.46E-11,1.42E-11,1.38E-11,1.35E-11,1.32E-11,1.30E-11
2,40,7.87E-14,2.04E-12,5.14E-12,6.55E-12,6.81E-12,6.66E-12,6.37E-12,6.06E-12,5.76E-12,5.48E-12,5.23E-12,5.02E-12,4.82E-12,4.65E-12,4.49E-12,4.35E-12,4.23E-12,4.12E-12,4.02E-12,3.93E-12,3.86E-12
2,41,2.29E-14,5.94E-13,1.50E-12,1.91E-12,1.99E-12,1.94E-12,1.86E-12,1.76E-12,1.68E-12,1.60E-12,1.52E-12,1.46E-12,1.40E-12,1.35E-12,1.30E-12,1.26E-12,1.23E-12,1.20E-12,1.17E-12,1.14E-12,1.12E-12
2,42,6.51E-15,1.69E-13,4.26E-13,5.42E-13,5.65E-13,5.52E-13,5.28E-13,5.02E-13,4.77E-13,4.54E-13,4.33E-13,4.15E-13,3.98E-13,3.84E-13,3.71E-13,3.59E-13,3.48E-13,3.39E-13,3.31E-13,3.24E-13,3.18E-13
2,43,1.81E-15,4.69E-14,1.18E-13,1.51E-13,1.57E-13,1.53E-13,1.47E-13,1.39E-13,1.32E-13,1.26E-13,1.20E-13,1.15E-13,1.11E-13,1.06E-13,1.03E-13,9.96E-14,9.67E-14,9.42E-14,9.19E-14,8.99E-14,8.81E-14
2,44,4.91E-16,1.27E-14,3.21E-14,4.09E-14,4.27E-14,4.17E-14,3.99E-14,3.79E-14,3.60E-14,3.42E-14,3.27E-14,3.12E-14,3.00E-14,2.89E-14,2.79E-14,2.70E-14,2.62E-14,2.55E-14,2.49E-14,2.44E-14,2.39E-14
2,45,1.30E-16,3.38E-15,8.54E-15,1.09E-14,1.13E-14,1.11E-14,1.06E-14,1.01E-14,9.56E-15,9.09E-15,8.67E-15,8.30E-15,7.96E-15,7.67E-15,7.41E-15,7.17E-15,6.96E-15,6.78E-15,6.61E-15,6.47E-15,6.33E-15
2,46,3.39E-17,8.78E-16,2.22E-15,2.83E-15,2.95E-15,2.88E-15,2.75E-15,2.62E-15,2.48E-15,2.36E-15,2.26E-15,2.16E-15,2.07E-15,1.99E-15,1.92E-15,1.86E-15,1.81E-15,1.76E-15,1.72E-15,1.68E-15,1.64E-15
2,47,8.62E-18,2.23E-16,5.64E-16,7.20E-16,7.51E-16,7.34E-16,7.01E-16,6.66E-16,6.33E-16,6.02E-16,5.73E-16,5.48E-16,5.26E-16,5.07E-16,4.89E-16,4.73E-16,4.60E-16,4.47E-16,4.37E-16,4.27E-16,4.18E-16
2,48,2.15E-18,5.57E-17,1.41E-16,1.79E-16,1.87E-16,1.83E-16,1.75E-16,1.66E-16,1.58E-16,1.50E-16,1.43E-16,1.37E-16,1.31E-16,1.26E-16,1.22E-16,1.18E-16,1.14E-16,1.11E-16,1.09E-16,1.06E-16,1.04E-16
2,49,5.24E-19,1.36E-17,3.43E-17,4.38E-17,4.57E-17,4.47E-17,4.27E-17,4.06E-17,3.85E-17,3.66E-17,3.49E-17,3.34E-17,3.20E-17,3.08E-17,2.97E-17,2.88E-17,2.79E-17,2.72E-17,2.65E-17,2.59E-17,2.54E-17
2,50,8.77E-20,2.27E-18,5.72E-18,7.28E-18,7.57E-18,7.36E-18,7.00E-18,6.61E-18,6.24E-18,5.90E-18,5.60E-18,5.33E-18,5.09E-18,4.88E-18,4.69E-18,4.52E-18,4.37E-18,4.24E-18,4.13E-18,4.02E-18,3.93E-18
3,0,2.28E-07,3.27E-06,5.97E-06,6.79E-06,7.08E-06,7.27E-06,7.43E-06,7.57E-06,7.70E-06,7.82E-06,7.92E-06,8.01E-06,8.09E-06,8.16E-06,8.22E-06,8.27E-06,8.32E-06,8.37E-06,8.41E-06,8.44E-06,8.47E-06
3,1,2.32E-06,3.34E-05,6.08E-05,6.91E-05,7.19E-05,7.38E-05,7.53E-05,7.67E-05,7.79E-05,7.91E-05,8.00E-05,8.08E-05,8.16E-05,8.23E-05,8.29E-05,8.35E-05,8.39E-05,8.44E-05,8.47E-05,8.51E-05,8.54E-05
3,2,1.19E-05,1.70E-04,3.11E-04,3.52E-04,3.66E-04,3.75E-04,3.83E-04,3.89E-04,3.95E-04,4.00E-04,4.05E-04,4.09E-04,4.13E-04,4.16E-04,4.19E-04,4.21E-04,4.24E-04,4.26E-04,4.27E-04,4.29E-04,4.31E-04
3,3,4.06E-05,5.82E-04,0.001060949,0.001200881,0.001246652,0.001274649,0.001297733,0.001319016,0.001337346,0.001353999,0.001368809,0.001381537,0.001393305,0.001403722,0.001412774,0.001421028,0.001428026,0.0014344,0.001440184,0.001445138,0.001449651
3,4,1.04E-04,0.001498301,0.002724249,0.003079233,0.003192268,0.003258236,0.0033094,0.003359776,0.003405578,0.00344392,0.003477078,0.003506877,0.003535384,0.003559115,0.00357955,0.003598167,0.003616344,0.003630103,0.003644664,0.003653769,0.003667957
3,5,2.15E-04,0.003094351,0.005620315,0.006342595,0.00655897,0.006682982,0.006783619,0.006868278,0.00695102,0.00702035,0.007082005,0.007141237,0.007189055,0.007232739,0.00727235,0.007307017,0.007336547,0.007367799,0.007388189,0.007410455,0.007431774
3,6,3.72E-04,0.005346404,0.009703402,0.010924696,0.011271795,0.011459937,0.011611287,0.01174491,0.011861348,0.011966565,0.012061676,0.01214457,0.01221723,0.012282453,0.012343503,0.012391631,0.012440877,0.012478744,0.012513719,0.01254784,0.012575935
3,7,5.54E-04,0.007957976,0.014421768,0.016203852,0.016674537,0.01691645,0.017103475,0.017267331,0.017410813,0.01754107,0.017655658,0.01776079,0.01784943,0.017926548,0.018004827,0.018060606,0.018113341,0.01817068,0.018213874,0.018254774,0.018288065
3,8,7.24E-04,0.010415288,0.018854672,0.02113301,0.021686262,0.021961516,0.022138668,0.022298379,0.022442149,0.022574818,0.022700911,0.02279467,0.022896867,0.022974724,0.023041753,0.023115357,0.023162557,0.023204572,0.023258837,0.02330215,0.023323629
3,9,8.47E-04,0.012182257,0.022029806,0.024640534,0.025233094,0.025442213,0.025605006,0.025735404,0.02583887,0.025944436,0.026031332,0.026119744,0.02618862,0.02625239,0.026321806,0.026367774,0.02640078,0.026451997,0.026475487,0.026512979,0.0265444
3,10,8.97E-04,0.012911964,0.02331386,0.025995102,0.026536234,0.026697582,0.026774937,0.026845358,0.026907086,0.026961867,0.02700903,0.027040454,0.027105944,0.027142862,0.027152855,0.02718522,0.02721347,0.027230259,0.027247978,0.027257053,0.027278133
3,11,8.69E-04,0.012515023,0.022564275,0.025094833,0.025531001,0.025590891,0.025613496,0.025610019,0.025604952,0.025599113,0.025596049,0.02559761,0.025596179,0.025609074,0.025579406,0.025592627,0.025581611,0.025582291,0.02557561,0.025582409,0.025581304
3,12,7.78E-04,0.011196739,0.020156683,0.022359092,0.022675795,0.022660404,0.022597821,0.022529956,0.022461051,0.022411352,0.022361156,0.022312764,0.022280833,0.022235535,0.02222292,0.022191761,0.022167053,0.022140298,0.022118676,0.022091853,0.022087967
3,13,6.46E-04,0.009308524,0.01673936,0.018519644,0.018716926,0.01864129,0.018532049,0.018417345,0.018311922,0.018222855,0.018139945,0.018067056,0.018006528,0.01794647,0.017895684,0.01784999,0.017803632,0.017774886,0.017744932,0.017716305,0.017689247
3,14,5.02E-04,0.007242277,0.013007125,0.01434453,0.0144475,0.014336376,0.014200267,0.014073352,0.013951836,0.013848355,0.013751855,0.013669171,0.013595789,0.013524606,0.013468009,0.013415645,0.013369969,0.013330059,0.013289053,0.013256555,0.013229335
3,15,3.67E-04,0.005294167,0.009498443,0.010447833,0.010487244,0.010373861,0.010235635,0.010107233,0.009994614,0.009891056,0.009800554,0.009717424,0.009643953,0.009580693,0.009521913,0.009469012,0.009425879,0.009385228,0.009348474,0.009319234,0.009287663
3,16,2.53E-04,0.003656183,0.006551854,0.00718654,0.007191582,0.00708817,0.006969444,0.006857189,0.006758519,0.006671046,0.006591544,0.006521701,0.006458967,0.006403307,0.006353878,0.006308188,0.006270088,0.006238564,0.006204565,0.006178964,0.006153797
3,17,1.66E-04,0.002393251,0.004283364,0.004689017,0.00467456,0.004589323,0.004499752,0.004413848,0.004336518,0.00426661,0.004205876,0.004151263,0.00410121,0.004058397,0.00402008,0.003985637,0.003956199,0.003927907,0.003903431,0.003883124,0.003862309
3,18,1.03E-04,0.00148981,0.002664002,0.002909183,0.002891013,0.002829342,0.00276351,0.002702228,0.002646606,0.002596924,0.002552914,0.002513092,0.002478051,0.002446761,0.002418505,0.002394415,0.002372557,0.002352923,0.002335666,0.002320213,0.002306815
3,19,6.12E-05,8.84E-04,0.00158011,0.001721738,0.00170621,0.00166433,0.00162015,0.001579568,0.00154213,0.001508539,0.001478681,0.001452848,0.001429154,0.001408531,0.001389439,0.001373772,0.001358729,0.001345427,0.001334193,0.001323646,0.001314655
3,20,3.47E-05,5.02E-04,8.96E-04,9.75E-04,9.63E-04,9.37E-04,9.09E-04,8.83E-04,8.60E-04,8.39E-04,8.20E-04,8.04E-04,7.89E-04,7.76E-04,7.64E-04,7.54E-04,7.45E-04,7.37E-04,7.29E-04,7.23E-04,7.17E-04
3,21,1.89E-05,2.73E-04,4.87E-04,5.29E-04,5.21E-04,5.05E-04,4.89E-04,4.74E-04,4.60E-04,4.47E-04,4.37E-04,4.27E-04,4.18E-04,4.10E-04,4.03E-04,3.97E-04,3.92E-04,3.87E-04,3.83E-04,3.79E-04,3.76E-04
3,22,9.84E-06,1.42E-04,2.54E-04,2.75E-04,2.71E-04,2.62E-04,2.53E-04,2.44E-04,2.36E-04,2.29E-04,2.23E-04,2.18E-04,2.13E-04,2.09E-04,2.05E-04,2.01E-04,1.98E-04,1.95E-04,1.93E-04,1.91E-04,1.89E-04
3,23,4.93E-06,7.13E-05,1.27E-04,1.38E-04,1.35E-04,1.31E-04,1.26E-04,1.21E-04,1.17E-04,1.13E-04,1.10E-04,1.07E-04,1.04E-04,1.02E-04,1.00E-04,9.82E-05,9.66E-05,9.51E-05,9.39E-05,9.27E-05,9.17E-05
3,24,2.38E-06,3.44E-05,6.14E-05,6.64E-05,6.51E-05,6.27E-05,6.02E-05,5.79E-05,5.58E-05,5.39E-05,5.22E-05,5.07E-05,4.94E-05,4.82E-05,4.72E-05,4.63E-05,4.54E-05,4.47E-05,4.40E-05,4.34E-05,4.29E-05
3,25,1.11E-06,1.60E-05,2.86E-05,3.09E-05,3.02E-05,2.90E-05,2.78E-05,2.67E-05,2.57E-05,2.48E-05,2.40E-05,2.32E-05,2.26E-05,2.20E-05,2.15E-05,2.10E-05,2.06E-05,2.03E-05,2.00E-05,1.97E-05,1.94E-05
3,26,4.97E-07,7.19E-06,1.28E-05,1.39E-05,1.35E-05,1.30E-05,1.24E-05,1.19E-05,1.14E-05,1.10E-05,1.06E-05,1.03E-05,9.98E-06,9.71E-06,9.47E-06,9.26E-06,9.07E-06,8.90E-06,8.75E-06,8.62E-06,8.50E-06
3,27,2.15E-07,3.12E-06,5.56E-06,6.01E-06,5.87E-06,5.62E-06,5.37E-06,5.13E-06,4.92E-06,4.73E-06,4.55E-06,4.40E-06,4.27E-06,4.15E-06,4.04E-06,3.95E-06,3.86E-06,3.79E-06,3.72E-06,3.66E-06,3.60E-06
3,28,9.04E-08,1.31E-06,2.33E-06,2.52E-06,2.46E-06,2.35E-06,2.24E-06,2.14E-06,2.05E-06,1.97E-06,1.89E-06,1.83E-06,1.77E-06,1.72E-06,1.67E-06,1.63E-06,1.59E-06,1.56E-06,1.53E-06,1.50E-06,1.48E-06
3,29,3.67E-08,5.31E-07,9.48E-07,1.02E-06,9.97E-07,9.53E-07,9.08E-07,8.66E-07,8.27E-07,7.93E-07,7.62E-07,7.35E-07,7.10E-07,6.89E-07,6.70E-07,6.52E-07,6.37E-07,6.24E-07,6.12E-07,6.01E-07,5.91E-07
3,30,1.44E-08,2.09E-07,3.73E-07,4.02E-07,3.92E-07,3.74E-07,3.56E-07,3.39E-07,3.24E-07,3.10E-07,2.98E-07,2.87E-07,2.77E-07,2.68E-07,2.60E-07,2.53E-07,2.47E-07,2.42E-07,2.37E-07,2.33E-07,2.29E-07
3,31,5.50E-09,7.96E-08,1.42E-07,1.53E-07,1.49E-07,1.43E-07,1.36E-07,1.29E-07,1.23E-07,1.18E-07,1.13E-07,1.09E-07,1.05E-07,1.01E-07,9.83E-08,9.57E-08,9.33E-08,9.12E-08,8.93E-08,8.76E-08,8.62E-08
3,32,2.03E-09,2.95E-08,5.26E-08,5.67E-08,5.53E-08,5.27E-08,5.01E-08,4.76E-08,4.54E-08,4.33E-08,4.15E-08,3.99E-08,3.85E-08,3.72E-08,3.61E-08,3.51E-08,3.42E-08,3.34E-08,3.27E-08,3.21E-08,3.15E-08
3,33,7.31E-10,1.06E-08,1.89E-08,2.04E-08,1.99E-08,1.89E-08,1.80E-08,1.71E-08,1.63E-08,1.55E-08,1.49E-08,1.43E-08,1.38E-08,1.33E-08,1.29E-08,1.25E-08,1.22E-08,1.19E-08,1.16E-08,1.14E-08,1.12E-08
3,34,2.55E-10,3.69E-09,6.60E-09,7.12E-09,6.94E-09,6.61E-09,6.27E-09,5.95E-09,5.67E-09,5.40E-09,5.17E-09,4.96E-09,4.78E-09,4.62E-09,4.47E-09,4.34E-09,4.23E-09,4.12E-09,4.03E-09,3.95E-09,3.88E-09
3,35,8.66E-11,1.25E-09,2.24E-09,2.42E-09,2.36E-09,2.24E-09,2.13E-09,2.02E-09,1.92E-09,1.83E-09,1.75E-09,1.68E-09,1.62E-09,1.56E-09,1.51E-09,1.47E-09,1.43E-09,1.39E-09,1.36E-09,1.33E-09,1.31E-09
3,36,2.86E-11,4.14E-10,7.41E-10,8.00E-10,7.79E-10,7.42E-10,7.03E-10,6.67E-10,6.34E-10,6.04E-10,5.77E-10,5.54E-10,5.33E-10,5.14E-10,4.98E-10,4.82E-10,4.69E-10,4.58E-10,4.47E-10,4.38E-10,4.30E-10
3,37,9.20E-12,1.33E-10,2.38E-10,2.58E-10,2.51E-10,2.39E-10,2.26E-10,2.15E-10,2.04E-10,1.94E-10,1.85E-10,1.78E-10,1.71E-10,1.65E-10,1.59E-10,1.55E-10,1.50E-10,1.47E-10,1.43E-10,1.40E-10,1.38E-10
3,38,2.88E-12,4.18E-11,7.47E-11,8.08E-11,7.87E-11,7.49E-11,7.10E-11,6.72E-11,6.39E-11,6.08E-11,5.81E-11,5.57E-11,5.35E-11,5.15E-11,4.98E-11,4.84E-11,4.70E-11,4.58E-11,4.47E-11,4.38E-11,4.29E-11
3,39,8.82E-13,1.28E-11,2.29E-11,2.47E-11,2.41E-11,2.29E-11,2.17E-11,2.06E-11,1.95E-11,1.86E-11,1.77E-11,1.70E-11,1.63E-11,1.57E-11,1.52E-11,1.47E-11,1.43E-11,1.40E-11,1.36E-11,1.33E-11,1.31E-11
3,40,2.63E-13,3.81E-12,6.82E-12,7.37E-12,7.18E-12,6.84E-12,6.47E-12,6.13E-12,5.82E-12,5.54E-12,5.29E-12,5.06E-12,4.86E-12,4.69E-12,4.53E-12,4.39E-12,4.26E-12,4.15E-12,4.05E-12,3.96E-12,3.88E-12
3,41,7.65E-14,1.11E-12,1.99E-12,2.15E-12,2.09E-12,1.99E-12,1.88E-12,1.79E-12,1.69E-12,1.61E-12,1.54E-12,1.47E-12,1.41E-12,1.36E-12,1.32E-12,1.27E-12,1.24E-12,1.21E-12,1.18E-12,1.15E-12,1.13E-12
3,42,2.17E-14,3.15E-13,5.64E-13,6.10E-13,5.95E-13,5.66E-13,5.36E-13,5.07E-13,4.81E-13,4.58E-13,4.37E-13,4.18E-13,4.02E-13,3.87E-13,3.73E-13,3.62E-13,3.51E-13,3.42E-13,3.34E-13,3.26E-13,3.20E-13
3,43,6.04E-15,8.75E-14,1.57E-13,1.70E-13,1.65E-13,1.57E-13,1.49E-13,1.41E-13,1.34E-13,1.27E-13,1.21E-13,1.16E-13,1.11E-13,1.07E-13,1.04E-13,1.00E-13,9.74E-14,9.49E-14,9.26E-14,9.05E-14,8.87E-14
3,44,1.64E-15,2.38E-14,4.26E-14,4.61E-14,4.49E-14,4.28E-14,4.05E-14,3.83E-14,3.63E-14,3.45E-14,3.29E-14,3.15E-14,3.02E-14,2.91E-14,2.81E-14,2.72E-14,2.64E-14,2.57E-14,2.51E-14,2.45E-14,2.40E-14
3,45,4.36E-16,6.31E-15,1.13E-14,1.22E-14,1.19E-14,1.14E-14,1.08E-14,1.02E-14,9.65E-15,9.17E-15,8.74E-15,8.36E-15,8.03E-15,7.73E-15,7.46E-15,7.22E-15,7.01E-15,6.83E-15,6.66E-15,6.51E-15,6.37E-15
3,46,1.13E-16,1.64E-15,2.94E-15,3.18E-15,3.10E-15,2.95E-15,2.80E-15,2.65E-15,2.51E-15,2.38E-15,2.27E-15,2.17E-15,2.09E-15,2.01E-15,1.94E-15,1.88E-15,1.82E-15,1.77E-15,1.73E-15,1.69E-15,1.65E-15
3,47,2.88E-17,4.17E-16,7.47E-16,8.10E-16,7.90E-16,7.52E-16,7.12E-16,6.74E-16,6.38E-16,6.07E-16,5.78E-16,5.53E-16,5.30E-16,5.11E-16,4.93E-16,4.77E-16,4.63E-16,4.50E-16,4.39E-16,4.29E-16,4.21E-16
3,48,7.17E-18,1.04E-16,1.86E-16,2.02E-16,1.97E-16,1.88E-16,1.77E-16,1.68E-16,1.59E-16,1.51E-16,1.44E-16,1.38E-16,1.32E-16,1.27E-16,1.23E-16,1.19E-16,1.15E-16,1.12E-16,1.09E-16,1.07E-16,1.05E-16
3,49,1.75E-18,2.53E-17,4.54E-17,4.93E-17,4.81E-17,4.58E-17,4.33E-17,4.10E-17,3.89E-17,3.69E-17,3.52E-17,3.36E-17,3.22E-17,3.10E-17,2.99E-17,2.90E-17,2.81E-17,2.74E-17,2.67E-17,2.61E-17,2.55E-17
3,50,2.93E-19,4.23E-18,7.58E-18,8.20E-18,7.97E-18,7.55E-18,7.11E-18,6.69E-18,6.30E-18,5.96E-18,5.65E-18,5.37E-18,5.13E-18,4.92E-18,4.72E-18,4.55E-18,4.40E-18,4.27E-18,4.15E-18,4.05E-18,3.96E-18
4,0,5.68E-07,4.55E-06,5.90E-06,5.71E-06,5.56E-06,5.56E-06,5.63E-06,5.71E-06,5.80E-06,5.88E-06,5.95E-06,6.01E-06,6.07E-06,6.12E-06,6.16E-06,6.20E-06,6.24E-06,6.27E-06,6.30E-06,6.32E-06,6.34E-06
4,1,5.80E-06,4.64E-05,6.01E-05,5.81E-05,5.66E-05,5.65E-05,5.70E-05,5.79E-05,5.87E-05,5.94E-05,6.01E-05,6.08E-05,6.13E-05,6.18E-05,6.22E-05,6.26E-05,6.29E-05,6.32E-05,6.35E-05,6.37E-05,6.39E-05
4,2,2.96E-05,2.37E-04,3.07E-04,2.96E-04,2.88E-04,2.87E-04,2.90E-04,2.94E-04,2.97E-04,3.01E-04,3.04E-04,3.07E-04,3.10E-04,3.12E-04,3.14E-04,3.16E-04,3.18E-04,3.19E-04,3.20E-04,3.22E-04,3.23E-04
4,3,1.01E-04,8.11E-04,0.001048267,0.001010012,9.81E-04,9.77E-04,9.84E-04,9.96E-04,0.001007436,0.001018588,0.001029237,0.001038529,0.001046586,0.00105387,0.001060194,0.001066121,0.001071051,0.001075691,0.001079399,0.001082792,0.001086017
4,4,2.60E-04,0.002085896,0.00269515,0.002591533,0.002509882,0.002497013,0.002511113,0.002538808,0.002565854,0.002592258,0.002615778,0.002637863,0.002655697,0.002673591,0.002688319,0.002700803,0.002714454,0.002724171,0.00273211,0.002739481,0.00274739
4,5,5.37E-04,0.0043112,0.005561674,0.005337596,0.005159939,0.005122718,0.005145978,0.005194634,0.00524258,0.005288143,0.005331083,0.005371402,0.005403777,0.005434389,0.005462026,0.00548674,0.005507222,0.005528302,0.00554313,0.005558237,0.005570688
4,6,9.29E-04,0.007448506,0.009602905,0.009197835,0.008879722,0.008792701,0.008815765,0.008877148,0.008946632,0.009017205,0.009083251,0.009136224,0.009187308,0.009229604,0.009272656,0.009306093,0.0093393,0.009367499,0.009386846,0.009415061,0.009434054
4,7,0.001382527,0.011094498,0.01428174,0.013652772,0.01314471,0.012987326,0.012993538,0.013059166,0.013142324,0.013225492,0.013296339,0.013364873,0.013429471,0.013479764,0.013528099,0.013575232,0.013605125,0.013641608,0.013674549,0.01369681,0.013722135
4,8,0.001809596,0.014525753,0.01868231,0.017819423,0.017109238,0.016857713,0.016829735,0.016880192,0.01695103,0.017027425,0.017100167,0.017169563,0.017227553,0.017282493,0.017324898,0.01736293,0.017399732,0.017436283,0.017460054,0.017493041,0.017515292
4,9,0.002117569,0.017004175,0.021842841,0.020781811,0.019897083,0.019551694,0.019467948,0.019479863,0.019527141,0.01958409,0.019631263,0.019680863,0.01972217,0.019755458,0.019788893,0.019828362,0.019848661,0.019872803,0.019897502,0.019920142,0.019933632
4,10,0.002243264,0.018021014,0.023118697,0.021940473,0.02094632,0.020519359,0.020379039,0.020338435,0.020341061,0.020360727,0.02036883,0.020390226,0.02040104,0.020417476,0.020432131,0.020441199,0.020451458,0.02047088,0.02048509,0.020476518,0.020494655
4,11,0.002173963,0.017478434,0.02239307,0.021194113,0.020165613,0.019699458,0.019502537,0.01941004,0.019369204,0.01933918,0.019318666,0.019302202,0.019285776,0.01927825,0.019262701,0.019254075,0.019244708,0.019245956,0.019235115,0.019225517,0.01922115
4,12,0.001944504,0.015644493,0.02001915,0.018890072,0.017921431,0.017450185,0.017217143,0.017087229,0.017005328,0.016938573,0.01688657,0.016839817,0.016800944,0.016764103,0.016734835,0.016704129,0.016682941,0.016658103,0.016640915,0.016623786,0.016609462
4,13,0.001617035,0.013017721,0.016628321,0.015653733,0.014797618,0.014355276,0.014120383,0.013973177,0.013867714,0.013776876,0.013709816,0.013645405,0.013585848,0.013531549,0.01348937,0.013451343,0.013414361,0.013383682,0.01335403,0.013328376,0.013307357
4,14,0.001257434,0.010128607,0.012925241,0.012130186,0.011430112,0.011051949,0.010828934,0.01068293,0.010570234,0.010478355,0.010396555,0.010324123,0.01025949,0.010208907,0.010159155,0.010115699,0.010077008,0.010044495,0.010009649,0.009983627,0.009957421
4,15,9.19E-04,0.007408196,0.009443035,0.008839805,0.008300845,0.007993162,0.007809878,0.007679481,0.007575624,0.007487692,0.007411309,0.007341933,0.007286316,0.007231773,0.00718659,0.007142695,0.00710456,0.007071748,0.007046666,0.007020456,0.006993119
4,16,6.35E-04,0.005117812,0.006512596,0.006085379,0.005693595,0.005464506,0.005321018,0.00521533,0.005126545,0.005054216,0.004990381,0.004933415,0.004882789,0.004837344,0.004798102,0.004764303,0.004729165,0.004703202,0.004679347,0.004655527,0.00463676
4,17,4.15E-04,0.003350369,0.004260336,0.003967961,0.003702448,0.003541525,0.003435504,0.003355036,0.003289278,0.003232474,0.003183706,0.003140293,0.003101366,0.003066086,0.00303764,0.00301008,0.002984439,0.002962852,0.002945715,0.002926861,0.002913028
4,18,2.58E-04,0.002085424,0.002651117,0.00246299,0.002290833,0.00218401,0.002111147,0.002054986,0.002008439,0.0019683,0.001933649,0.001902027,0.001874273,0.001849736,0.001828037,0.001808918,0.001791824,0.001776437,0.001762885,0.001750695,0.001740276
4,19,1.53E-04,0.001238503,0.001572784,0.001458348,0.001351857,0.00128484,0.001238073,0.001201365,0.001171016,0.001144199,0.001120455,0.001100287,0.001081563,0.001065368,0.001050745,0.001038098,0.001026301,0.001016138,0.001007555,9.99E-04,9.92E-04
4,20,8.70E-05,7.03E-04,8.92E-04,8.26E-04,7.63E-04,7.23E-04,6.94E-04,6.72E-04,6.53E-04,6.36E-04,6.22E-04,6.09E-04,5.98E-04,5.87E-04,5.78E-04,5.70E-04,5.63E-04,5.56E-04,5.51E-04,5.46E-04,5.42E-04
4,21,4.73E-05,3.82E-04,4.85E-04,4.48E-04,4.13E-04,3.90E-04,3.74E-04,3.60E-04,3.49E-04,3.39E-04,3.31E-04,3.23E-04,3.17E-04,3.10E-04,3.05E-04,3.00E-04,2.96E-04,2.92E-04,2.89E-04,2.86E-04,2.83E-04
4,22,2.47E-05,1.99E-04,2.53E-04,2.33E-04,2.15E-04,2.02E-04,1.93E-04,1.86E-04,1.80E-04,1.74E-04,1.69E-04,1.65E-04,1.61E-04,1.58E-04,1.55E-04,1.52E-04,1.50E-04,1.48E-04,1.46E-04,1.44E-04,1.43E-04
4,23,1.24E-05,1.00E-04,1.27E-04,1.17E-04,1.07E-04,1.01E-04,9.61E-05,9.22E-05,8.89E-05,8.59E-05,8.34E-05,8.11E-05,7.91E-05,7.73E-05,7.57E-05,7.43E-05,7.31E-05,7.19E-05,7.10E-05,7.01E-05,6.93E-05
4,24,5.97E-06,4.82E-05,6.11E-05,5.63E-05,5.16E-05,4.84E-05,4.60E-05,4.41E-05,4.24E-05,4.09E-05,3.96E-05,3.85E-05,3.74E-05,3.65E-05,3.57E-05,3.50E-05,3.44E-05,3.38E-05,3.33E-05,3.28E-05,3.24E-05
4,25,2.77E-06,2.25E-05,2.84E-05,2.62E-05,2.39E-05,2.24E-05,2.13E-05,2.03E-05,1.95E-05,1.88E-05,1.82E-05,1.76E-05,1.71E-05,1.67E-05,1.63E-05,1.59E-05,1.56E-05,1.53E-05,1.51E-05,1.49E-05,1.47E-05
4,26,1.25E-06,1.01E-05,1.28E-05,1.17E-05,1.07E-05,1.00E-05,9.50E-06,9.06E-06,8.68E-06,8.35E-06,8.06E-06,7.79E-06,7.56E-06,7.35E-06,7.17E-06,7.01E-06,6.87E-06,6.74E-06,6.62E-06,6.52E-06,6.43E-06
4,27,5.40E-07,4.37E-06,5.54E-06,5.08E-06,4.65E-06,4.34E-06,4.10E-06,3.90E-06,3.74E-06,3.59E-06,3.45E-06,3.34E-06,3.23E-06,3.14E-06,3.06E-06,2.99E-06,2.92E-06,2.86E-06,2.81E-06,2.77E-06,2.73E-06
4,28,2.26E-07,1.83E-06,2.32E-06,2.13E-06,1.95E-06,1.81E-06,1.71E-06,1.63E-06,1.56E-06,1.49E-06,1.44E-06,1.38E-06,1.34E-06,1.30E-06,1.27E-06,1.23E-06,1.21E-06,1.18E-06,1.16E-06,1.14E-06,1.12E-06
4,29,9.19E-08,7.44E-07,9.43E-07,8.65E-07,7.89E-07,7.36E-07,6.93E-07,6.59E-07,6.28E-07,6.01E-07,5.78E-07,5.57E-07,5.38E-07,5.22E-07,5.07E-07,4.94E-07,4.82E-07,4.72E-07,4.63E-07,4.55E-07,4.47E-07
4,30,3.61E-08,2.93E-07,3.71E-07,3.40E-07,3.10E-07,2.89E-07,2.72E-07,2.58E-07,2.46E-07,2.35E-07,2.26E-07,2.17E-07,2.10E-07,2.03E-07,1.97E-07,1.92E-07,1.87E-07,1.83E-07,1.79E-07,1.76E-07,1.73E-07
4,31,1.38E-08,1.12E-07,1.41E-07,1.30E-07,1.18E-07,1.10E-07,1.03E-07,9.81E-08,9.34E-08,8.92E-08,8.55E-08,8.23E-08,7.94E-08,7.68E-08,7.45E-08,7.24E-08,7.06E-08,6.90E-08,6.76E-08,6.63E-08,6.52E-08
4,32,5.10E-09,4.13E-08,5.23E-08,4.80E-08,4.37E-08,4.07E-08,3.82E-08,3.62E-08,3.44E-08,3.29E-08,3.15E-08,3.03E-08,2.92E-08,2.82E-08,2.73E-08,2.66E-08,2.59E-08,2.53E-08,2.47E-08,2.43E-08,2.38E-08
4,33,1.83E-09,1.48E-08,1.88E-08,1.73E-08,1.57E-08,1.46E-08,1.37E-08,1.30E-08,1.23E-08,1.18E-08,1.13E-08,1.08E-08,1.04E-08,1.01E-08,9.75E-09,9.48E-09,9.22E-09,9.00E-09,8.81E-09,8.63E-09,8.48E-09
4,34,6.39E-10,5.17E-09,6.56E-09,6.02E-09,5.48E-09,5.09E-09,4.79E-09,4.52E-09,4.30E-09,4.10E-09,3.92E-09,3.76E-09,3.62E-09,3.49E-09,3.38E-09,3.29E-09,3.20E-09,3.12E-09,3.05E-09,2.99E-09,2.94E-09
4,35,2.17E-10,1.76E-09,2.23E-09,2.05E-09,1.86E-09,1.73E-09,1.62E-09,1.53E-09,1.46E-09,1.39E-09,1.33E-09,1.27E-09,1.22E-09,1.18E-09,1.14E-09,1.11E-09,1.08E-09,1.05E-09,1.03E-09,1.01E-09,9.89E-10
4,36,7.17E-11,5.81E-10,7.36E-10,6.76E-10,6.16E-10,5.71E-10,5.36E-10,5.07E-10,4.81E-10,4.58E-10,4.37E-10,4.19E-10,4.03E-10,3.89E-10,3.76E-10,3.65E-10,3.55E-10,3.46E-10,3.38E-10,3.31E-10,3.25E-10
4,37,2.31E-11,1.87E-10,2.37E-10,2.18E-10,1.98E-10,1.84E-10,1.73E-10,1.63E-10,1.54E-10,1.47E-10,1.41E-10,1.35E-10,1.29E-10,1.25E-10,1.21E-10,1.17E-10,1.14E-10,1.11E-10,1.08E-10,1.06E-10,1.04E-10
4,38,7.23E-12,5.85E-11,7.43E-11,6.82E-11,6.21E-11,5.77E-11,5.41E-11,5.11E-11,4.84E-11,4.61E-11,4.40E-11,4.21E-11,4.05E-11,3.90E-11,3.77E-11,3.66E-11,3.55E-11,3.46E-11,3.38E-11,3.31E-11,3.24E-11
4,39,2.21E-12,1.79E-11,2.27E-11,2.09E-11,1.90E-11,1.76E-11,1.65E-11,1.56E-11,1.48E-11,1.41E-11,1.34E-11,1.29E-11,1.23E-11,1.19E-11,1.15E-11,1.11E-11,1.08E-11,1.06E-11,1.03E-11,1.01E-11,9.88E-12
4,40,6.59E-13,5.33E-12,6.77E-12,6.22E-12,5.67E-12,5.26E-12,4.93E-12,4.65E-12,4.41E-12,4.19E-12,4.00E-12,3.83E-12,3.68E-12,3.54E-12,3.42E-12,3.32E-12,3.22E-12,3.14E-12,3.06E-12,2.99E-12,2.94E-12
4,41,1.92E-13,1.55E-12,1.97E-12,1.81E-12,1.65E-12,1.53E-12,1.44E-12,1.35E-12,1.28E-12,1.22E-12,1.16E-12,1.11E-12,1.07E-12,1.03E-12,9.94E-13,9.63E-13,9.35E-13,9.11E-13,8.89E-13,8.70E-13,8.52E-13
4,42,5.45E-14,4.41E-13,5.60E-13,5.15E-13,4.70E-13,4.36E-13,4.08E-13,3.85E-13,3.65E-13,3.47E-13,3.30E-13,3.16E-13,3.04E-13,2.92E-13,2.82E-13,2.73E-13,2.65E-13,2.59E-13,2.52E-13,2.47E-13,2.42E-13
4,43,1.51E-14,1.22E-13,1.56E-13,1.43E-13,1.31E-13,1.21E-13,1.13E-13,1.07E-13,1.01E-13,9.63E-14,9.18E-14,8.78E-14,8.42E-14,8.11E-14,7.83E-14,7.58E-14,7.36E-14,7.16E-14,6.99E-14,6.84E-14,6.70E-14
4,44,4.11E-15,3.32E-14,4.22E-14,3.89E-14,3.55E-14,3.29E-14,3.08E-14,2.91E-14,2.75E-14,2.61E-14,2.49E-14,2.38E-14,2.29E-14,2.20E-14,2.12E-14,2.06E-14,2.00E-14,1.94E-14,1.90E-14,1.85E-14,1.82E-14
4,45,1.09E-15,8.82E-15,1.12E-14,1.03E-14,9.42E-15,8.74E-15,8.19E-15,7.72E-15,7.30E-15,6.94E-15,6.61E-15,6.32E-15,6.07E-15,5.84E-15,5.64E-15,5.46E-15,5.30E-15,5.16E-15,5.03E-15,4.91E-15,4.81E-15
4,46,2.83E-16,2.29E-15,2.91E-15,2.68E-15,2.45E-15,2.27E-15,2.13E-15,2.01E-15,1.90E-15,1.80E-15,1.72E-15,1.64E-15,1.58E-15,1.52E-15,1.46E-15,1.42E-15,1.38E-15,1.34E-15,1.31E-15,1.28E-15,1.25E-15
4,47,7.21E-17,5.83E-16,7.41E-16,6.83E-16,6.23E-16,5.79E-16,5.42E-16,5.11E-16,4.83E-16,4.59E-16,4.37E-16,4.18E-16,4.01E-16,3.86E-16,3.72E-16,3.60E-16,3.50E-16,3.40E-16,3.32E-16,3.24E-16,3.17E-16
4,48,1.79E-17,1.45E-16,1.85E-16,1.70E-16,1.55E-16,1.44E-16,1.35E-16,1.27E-16,1.20E-16,1.14E-16,1.09E-16,1.04E-16,9.98E-17,9.60E-17,9.27E-17,8.97E-17,8.70E-17,8.47E-17,8.26E-17,8.07E-17,7.90E-17
4,49,4.38E-18,3.54E-17,4.51E-17,4.16E-17,3.79E-17,3.52E-17,3.30E-17,3.11E-17,2.94E-17,2.79E-17,2.66E-17,2.54E-17,2.44E-17,2.34E-17,2.26E-17,2.19E-17,2.12E-17,2.06E-17,2.01E-17,1.97E-17,1.93E-17
4,50,7.33E-19,5.92E-18,7.52E-18,6.92E-18,6.29E-18,5.81E-18,5.42E-18,5.08E-18,4.77E-18,4.51E-18,4.27E-18,4.06E-18,3.88E-18,3.71E-18,3.57E-18,3.44E-18,3.32E-18,3.22E-18,3.14E-18,3.05E-18,2.99E-18
5,0,1.13E-06,5.06E-06,4.66E-06,3.83E-06,3.49E-06,3.41E-06,3.41E-06,3.45E-06,3.49E-06,3.53E-06,3.58E-06,3.61E-06,3.64E-06,3.67E-06,3.70E-06,3.72E-06,3.74E-06,3.76E-06,3.78E-06,3.79E-06,3.80E-06
5,1,1.16E-05,5.16E-05,4.74E-05,3.90E-05,3.55E-05,3.46E-05,3.46E-05,3.49E-05,3.54E-05,3.58E-05,3.61E-05,3.65E-05,3.68E-05,3.71E-05,3.73E-05,3.75E-05,3.77E-05,3.79E-05,3.81E-05,3.82E-05,3.83E-05
5,2,5.91E-05,2.64E-04,2.43E-04,1.99E-04,1.81E-04,1.76E-04,1.76E-04,1.77E-04,1.79E-04,1.81E-04,1.83E-04,1.85E-04,1.86E-04,1.87E-04,1.89E-04,1.90E-04,1.91E-04,1.92E-04,1.92E-04,1.93E-04,1.93E-04
5,3,2.02E-04,9.03E-04,8.29E-04,6.79E-04,6.17E-04,5.99E-04,5.97E-04,6.01E-04,6.07E-04,6.13E-04,6.19E-04,6.24E-04,6.29E-04,6.33E-04,6.37E-04,6.40E-04,6.43E-04,6.45E-04,6.47E-04,6.49E-04,6.51E-04
5,4,5.19E-04,0.002323723,0.002130615,0.001743477,0.001580649,0.00153103,0.001524501,0.001533677,0.001547359,0.001560892,0.001573675,0.001585928,0.001596458,0.00160669,0.001614605,0.001621808,0.001628346,0.001634788,0.001638459,0.001643605,0.001647884
5,5,0.001072915,0.00479861,0.004398397,0.003592603,0.003251453,0.003142449,0.003125848,0.003139281,0.003159942,0.003185926,0.003210501,0.003230345,0.003249586,0.00326533,0.003281153,0.003295496,0.003305114,0.003318651,0.003325966,0.00333453,0.003341482
5,6,0.001855153,0.008302916,0.007603035,0.006196495,0.00559161,0.005396027,0.005355016,0.005368776,0.005400148,0.005435677,0.005467805,0.005500019,0.005526275,0.005550005,0.005572283,0.005593811,0.005608897,0.005624563,0.005637134,0.005653619,0.005661102
5,7,0.002761619,0.012369121,0.011312353,0.009199138,0.008288665,0.00797738,0.007898921,0.007899936,0.007935908,0.007974572,0.008010354,0.008044274,0.008079588,0.008110289,0.008135957,0.008156099,0.008178135,0.008192943,0.008210139,0.00822432,0.008237596
5,8,0.003614812,0.016202962,0.014801065,0.012012611,0.010791166,0.01035741,0.010234799,0.01021909,0.01024343,0.010276143,0.010304883,0.010342046,0.010369112,0.010399237,0.010421461,0.010444189,0.010462481,0.010474164,0.01049287,0.010503175,0.010519784
5,9,0.004231094,0.018977322,0.017317986,0.014017821,0.012557654,0.012019401,0.011842758,0.011802017,0.011802234,0.011819111,0.011839218,0.011862611,0.011877853,0.011895553,0.011912136,0.011925309,0.011937975,0.011950898,0.011957947,0.011966836,0.011974133
5,10,0.00448448,0.02012859,0.018342584,0.014815595,0.013227649,0.012624504,0.012407982,0.012328152,0.012300898,0.012293337,0.012294419,0.012296546,0.012300247,0.012302098,0.012306746,0.012306925,0.012307908,0.012309148,0.012313212,0.012310008,0.012313189
5,11,0.00434742,0.019525757,0.017773338,0.014315444,0.012746096,0.012123231,0.01187706,0.01177082,0.01171544,0.011690204,0.011665702,0.011647166,0.011631683,0.011618204,0.011607023,0.011595712,0.011586502,0.011576477,0.011574242,0.011562577,0.011556459
5,12,0.003891297,0.01748282,0.01589339,0.012767245,0.011330108,0.010743094,0.010490662,0.010367972,0.010293565,0.0102433,0.010200664,0.010166907,0.010137618,0.010106843,0.010088189,0.010062756,0.010047502,0.010026391,0.010016177,0.010003154,0.009987821
5,13,0.003236535,0.014554285,0.013211418,0.010585752,0.009360736,0.008842074,0.008606876,0.008483753,0.008398895,0.008337789,0.008285481,0.008240544,0.008197084,0.00816585,0.008132344,0.008105085,0.008082405,0.008060318,0.008043527,0.008023907,0.008012491
5,14,0.002517547,0.011330459,0.010271086,0.008208884,0.007233565,0.006811586,0.006607181,0.006489608,0.006407365,0.006341632,0.006287397,0.006240584,0.006198653,0.006158262,0.006125683,0.006101039,0.006074041,0.006050911,0.006029506,0.006011874,0.005996423
5,15,0.00184104,0.008290086,0.007505241,0.005980866,0.005256538,0.00492778,0.004766138,0.004666235,0.004593955,0.004534232,0.004484076,0.00444053,0.004402375,0.004367268,0.004338326,0.004310988,0.004285716,0.004266356,0.004245412,0.004230599,0.004214176
5,16,0.001271186,0.005729108,0.005181553,0.00411818,0.003604654,0.003370648,0.003247702,0.003169195,0.003108986,0.003061949,0.003018724,0.002982458,0.002951102,0.002922348,0.002897434,0.002875327,0.002854941,0.002837465,0.002821242,0.002807796,0.002795851
5,17,8.32E-04,0.003751791,0.00339029,0.002687727,0.002345273,0.002185409,0.002098191,0.002040404,0.001995961,0.00195988,0.00192767,0.001900528,0.00187555,0.001854442,0.001834885,0.001817867,0.001802261,0.001788903,0.001776667,0.00176584,0.001756488
5,18,5.18E-04,0.002336567,0.002109263,0.001668284,0.001451924,0.001348207,0.001289509,0.001250017,0.001219273,0.001193586,0.001171205,0.001151627,0.001134699,0.001119006,0.001105392,0.001093301,0.001082417,0.001072953,0.001064214,0.00105652,0.001049981
5,19,3.07E-04,0.001387449,0.001251343,9.88E-04,8.57E-04,7.93E-04,7.56E-04,7.31E-04,7.11E-04,6.94E-04,6.79E-04,6.66E-04,6.55E-04,6.45E-04,6.35E-04,6.27E-04,6.20E-04,6.14E-04,6.08E-04,6.03E-04,5.99E-04
5,20,1.74E-04,7.88E-04,7.10E-04,5.59E-04,4.84E-04,4.46E-04,4.25E-04,4.09E-04,3.97E-04,3.86E-04,3.77E-04,3.69E-04,3.62E-04,3.55E-04,3.50E-04,3.45E-04,3.40E-04,3.36E-04,3.33E-04,3.30E-04,3.27E-04
5,21,9.48E-05,4.28E-04,3.86E-04,3.03E-04,2.62E-04,2.41E-04,2.29E-04,2.19E-04,2.12E-04,2.06E-04,2.01E-04,1.96E-04,1.92E-04,1.88E-04,1.85E-04,1.82E-04,1.79E-04,1.77E-04,1.75E-04,1.73E-04,1.71E-04
5,22,4.94E-05,2.23E-04,2.01E-04,1.58E-04,1.36E-04,1.25E-04,1.18E-04,1.13E-04,1.09E-04,1.06E-04,1.03E-04,1.00E-04,9.77E-05,9.56E-05,9.38E-05,9.22E-05,9.07E-05,8.94E-05,8.82E-05,8.72E-05,8.63E-05
5,23,2.48E-05,1.12E-04,1.01E-04,7.91E-05,6.80E-05,6.23E-05,5.87E-05,5.61E-05,5.40E-05,5.22E-05,5.06E-05,4.92E-05,4.79E-05,4.68E-05,4.59E-05,4.50E-05,4.42E-05,4.35E-05,4.29E-05,4.24E-05,4.19E-05
5,24,1.20E-05,5.41E-05,4.87E-05,3.81E-05,3.27E-05,2.99E-05,2.81E-05,2.68E-05,2.58E-05,2.49E-05,2.40E-05,2.33E-05,2.27E-05,2.21E-05,2.16E-05,2.12E-05,2.08E-05,2.05E-05,2.01E-05,1.99E-05,1.96E-05
5,25,5.56E-06,2.52E-05,2.26E-05,1.77E-05,1.52E-05,1.38E-05,1.30E-05,1.24E-05,1.19E-05,1.14E-05,1.10E-05,1.07E-05,1.04E-05,1.01E-05,9.86E-06,9.65E-06,9.46E-06,9.28E-06,9.13E-06,9.00E-06,8.88E-06
5,26,2.50E-06,1.13E-05,1.02E-05,7.95E-06,6.80E-06,6.19E-06,5.81E-06,5.52E-06,5.28E-06,5.07E-06,4.89E-06,4.73E-06,4.58E-06,4.46E-06,4.34E-06,4.25E-06,4.16E-06,4.08E-06,4.01E-06,3.95E-06,3.89E-06
5,27,1.08E-06,4.90E-06,4.41E-06,3.44E-06,2.94E-06,2.68E-06,2.51E-06,2.38E-06,2.27E-06,2.18E-06,2.10E-06,2.02E-06,1.96E-06,1.90E-06,1.85E-06,1.81E-06,1.77E-06,1.73E-06,1.70E-06,1.67E-06,1.65E-06
5,28,4.54E-07,2.05E-06,1.85E-06,1.44E-06,1.23E-06,1.12E-06,1.05E-06,9.92E-07,9.45E-07,9.06E-07,8.71E-07,8.40E-07,8.12E-07,7.88E-07,7.66E-07,7.47E-07,7.30E-07,7.15E-07,7.01E-07,6.89E-07,6.78E-07
5,29,1.84E-07,8.34E-07,7.50E-07,5.86E-07,5.00E-07,4.54E-07,4.23E-07,4.01E-07,3.82E-07,3.65E-07,3.50E-07,3.38E-07,3.26E-07,3.16E-07,3.07E-07,2.99E-07,2.92E-07,2.86E-07,2.80E-07,2.75E-07,2.71E-07
5,30,7.25E-08,3.28E-07,2.95E-07,2.30E-07,1.96E-07,1.78E-07,1.66E-07,1.57E-07,1.49E-07,1.43E-07,1.37E-07,1.32E-07,1.27E-07,1.23E-07,1.19E-07,1.16E-07,1.13E-07,1.11E-07,1.09E-07,1.07E-07,1.05E-07
5,31,2.76E-08,1.25E-07,1.12E-07,8.78E-08,7.48E-08,6.78E-08,6.32E-08,5.96E-08,5.67E-08,5.41E-08,5.19E-08,4.99E-08,4.81E-08,4.65E-08,4.51E-08,4.39E-08,4.28E-08,4.18E-08,4.09E-08,4.01E-08,3.94E-08
5,32,1.02E-08,4.62E-08,4.16E-08,3.25E-08,2.77E-08,2.51E-08,2.33E-08,2.20E-08,2.09E-08,1.99E-08,1.91E-08,1.83E-08,1.77E-08,1.71E-08,1.66E-08,1.61E-08,1.57E-08,1.53E-08,1.50E-08,1.47E-08,1.44E-08
5,33,3.67E-09,1.66E-08,1.49E-08,1.17E-08,9.94E-09,9.00E-09,8.37E-09,7.89E-09,7.49E-09,7.14E-09,6.83E-09,6.55E-09,6.31E-09,6.10E-09,5.91E-09,5.74E-09,5.58E-09,5.45E-09,5.33E-09,5.22E-09,5.13E-09
5,34,1.28E-09,5.80E-09,5.22E-09,4.07E-09,3.47E-09,3.14E-09,2.92E-09,2.75E-09,2.61E-09,2.48E-09,2.38E-09,2.28E-09,2.19E-09,2.12E-09,2.05E-09,1.99E-09,1.94E-09,1.89E-09,1.85E-09,1.81E-09,1.78E-09
5,35,4.35E-10,1.97E-09,1.77E-09,1.38E-09,1.18E-09,1.07E-09,9.91E-10,9.33E-10,8.84E-10,8.41E-10,8.04E-10,7.71E-10,7.41E-10,7.16E-10,6.92E-10,6.72E-10,6.53E-10,6.37E-10,6.23E-10,6.10E-10,5.98E-10
5,36,1.44E-10,6.50E-10,5.85E-10,4.57E-10,3.89E-10,3.52E-10,3.27E-10,3.08E-10,2.92E-10,2.78E-10,2.65E-10,2.54E-10,2.44E-10,2.35E-10,2.28E-10,2.21E-10,2.15E-10,2.09E-10,2.05E-10,2.00E-10,1.96E-10
5,37,4.62E-11,2.09E-10,1.88E-10,1.47E-10,1.25E-10,1.13E-10,1.05E-10,9.90E-11,9.37E-11,8.91E-11,8.51E-11,8.15E-11,7.83E-11,7.56E-11,7.30E-11,7.08E-11,6.88E-11,6.70E-11,6.55E-11,6.41E-11,6.29E-11
5,38,1.45E-11,6.55E-11,5.90E-11,4.61E-11,3.93E-11,3.55E-11,3.30E-11,3.10E-11,2.93E-11,2.79E-11,2.66E-11,2.55E-11,2.45E-11,2.36E-11,2.28E-11,2.21E-11,2.15E-11,2.09E-11,2.05E-11,2.00E-11,1.96E-11
5,39,4.43E-12,2.00E-11,1.80E-11,1.41E-11,1.20E-11,1.09E-11,1.01E-11,9.48E-12,8.97E-12,8.52E-12,8.13E-12,7.78E-12,7.47E-12,7.20E-12,6.96E-12,6.74E-12,6.55E-12,6.38E-12,6.23E-12,6.09E-12,5.97E-12
5,40,1.32E-12,5.97E-12,5.38E-12,4.20E-12,3.58E-12,3.24E-12,3.01E-12,2.83E-12,2.67E-12,2.54E-12,2.42E-12,2.32E-12,2.22E-12,2.14E-12,2.07E-12,2.01E-12,1.95E-12,1.90E-12,1.85E-12,1.81E-12,1.77E-12
5,41,3.84E-13,1.74E-12,1.56E-12,1.22E-12,1.04E-12,9.43E-13,8.75E-13,8.22E-13,7.78E-13,7.39E-13,7.04E-13,6.74E-13,6.47E-13,6.23E-13,6.01E-13,5.82E-13,5.66E-13,5.51E-13,5.37E-13,5.26E-13,5.15E-13
5,42,1.09E-13,4.94E-13,4.45E-13,3.48E-13,2.97E-13,2.68E-13,2.49E-13,2.34E-13,2.21E-13,2.10E-13,2.00E-13,1.91E-13,1.84E-13,1.77E-13,1.71E-13,1.65E-13,1.60E-13,1.56E-13,1.52E-13,1.49E-13,1.46E-13
5,43,3.03E-14,1.37E-13,1.24E-13,9.67E-14,8.24E-14,7.45E-14,6.91E-14,6.50E-14,6.14E-14,5.83E-14,5.55E-14,5.31E-14,5.09E-14,4.90E-14,4.73E-14,4.58E-14,4.45E-14,4.33E-14,4.22E-14,4.13E-14,4.05E-14
5,44,8.23E-15,3.72E-14,3.35E-14,2.63E-14,2.24E-14,2.02E-14,1.88E-14,1.76E-14,1.67E-14,1.58E-14,1.51E-14,1.44E-14,1.38E-14,1.33E-14,1.28E-14,1.24E-14,1.21E-14,1.17E-14,1.15E-14,1.12E-14,1.10E-14
5,45,2.19E-15,9.87E-15,8.90E-15,6.97E-15,5.95E-15,5.38E-15,4.99E-15,4.68E-15,4.43E-15,4.20E-15,4.00E-15,3.82E-15,3.67E-15,3.53E-15,3.41E-15,3.30E-15,3.20E-15,3.11E-15,3.04E-15,2.97E-15,2.91E-15
5,46,5.67E-16,2.56E-15,2.31E-15,1.81E-15,1.55E-15,1.40E-15,1.30E-15,1.22E-15,1.15E-15,1.09E-15,1.04E-15,9.94E-16,9.53E-16,9.16E-16,8.84E-16,8.56E-16,8.31E-16,8.08E-16,7.88E-16,7.70E-16,7.54E-16
5,47,1.44E-16,6.52E-16,5.88E-16,4.61E-16,3.93E-16,3.56E-16,3.30E-16,3.10E-16,2.93E-16,2.78E-16,2.64E-16,2.53E-16,2.42E-16,2.33E-16,2.25E-16,2.18E-16,2.11E-16,2.05E-16,2.00E-16,1.96E-16,1.92E-16
5,48,3.59E-17,1.62E-16,1.46E-16,1.15E-16,9.80E-17,8.86E-17,8.22E-17,7.72E-17,7.29E-17,6.92E-17,6.59E-17,6.30E-17,6.03E-17,5.80E-17,5.60E-17,5.42E-17,5.25E-17,5.11E-17,4.98E-17,4.87E-17,4.77E-17
5,49,8.78E-18,3.96E-17,3.58E-17,2.80E-17,2.39E-17,2.16E-17,2.01E-17,1.88E-17,1.78E-17,1.69E-17,1.61E-17,1.54E-17,1.47E-17,1.42E-17,1.37E-17,1.32E-17,1.28E-17,1.25E-17,1.22E-17,1.19E-17,1.16E-17
5,50,1.47E-18,6.63E-18,5.97E-18,4.66E-18,3.97E-18,3.58E-18,3.30E-18,3.08E-18,2.89E-18,2.73E-18,2.58E-18,2.46E-18,2.34E-18,2.24E-18,2.16E-18,2.08E-18,2.01E-18,1.95E-18,1.89E-18,1.85E-18,1.80E-18
6,0,1.88E-06,4.69E-06,3.06E-06,2.14E-06,1.83E-06,1.74E-06,1.72E-06,1.73E-06,1.75E-06,1.77E-06,1.79E-06,1.81E-06,1.82E-06,1.84E-06,1.85E-06,1.86E-06,1.87E-06,1.88E-06,1.88E-06,1.89E-06,1.90E-06
6,1,1.92E-05,4.78E-05,3.12E-05,2.18E-05,1.86E-05,1.76E-05,1.75E-05,1.76E-05,1.77E-05,1.79E-05,1.81E-05,1.83E-05,1.84E-05,1.86E-05,1.87E-05,1.88E-05,1.89E-05,1.89E-05,1.90E-05,1.91E-05,1.91E-05
6,2,9.82E-05,2.45E-04,1.60E-04,1.12E-04,9.49E-05,8.98E-05,8.88E-05,8.92E-05,9.00E-05,9.09E-05,9.17E-05,9.25E-05,9.32E-05,9.38E-05,9.44E-05,9.48E-05,9.53E-05,9.56E-05,9.60E-05,9.63E-05,9.65E-05
6,3,3.36E-04,8.37E-04,5.46E-04,3.81E-04,3.23E-04,3.06E-04,3.02E-04,3.03E-04,3.05E-04,3.08E-04,3.10E-04,3.13E-04,3.15E-04,3.17E-04,3.18E-04,3.20E-04,3.21E-04,3.23E-04,3.24E-04,3.25E-04,3.25E-04
6,4,8.64E-04,0.002154874,0.00140368,9.77E-04,8.29E-04,7.82E-04,7.71E-04,7.72E-04,7.77E-04,7.83E-04,7.90E-04,7.95E-04,8.00E-04,8.04E-04,8.08E-04,8.11E-04,8.14E-04,8.17E-04,8.19E-04,8.21E-04,8.23E-04
6,5,0.001785219,0.004454776,0.002899731,0.002016636,0.001706184,0.001606693,0.001581193,0.001580865,0.001589508,0.001599587,0.001610461,0.001619528,0.001628134,0.001635739,0.001641964,0.001648588,0.001654208,0.00165921,0.00166318,0.001666891,0.00167114
6,6,0.003087474,0.007708378,0.005012062,0.003478185,0.00293752,0.002761455,0.002711497,0.002706469,0.002716171,0.002730376,0.002743406,0.002758257,0.002769873,0.002781234,0.002790708,0.002801023,0.002806407,0.002815305,0.002820152,0.002824778,0.002831833
6,7,0.004597849,0.011491775,0.007461586,0.005164402,0.004353778,0.004083036,0.003999665,0.00398424,0.003989738,0.004005391,0.004022268,0.00403926,0.004054065,0.004065026,0.004075801,0.004084,0.004092113,0.004101105,0.004108577,0.00411581,0.004121584
6,8,0.00602129,0.015063235,0.009770806,0.006752689,0.005673671,0.005304302,0.005184484,0.005154198,0.005156462,0.005165902,0.00518097,0.005194048,0.005204714,0.005214734,0.00522337,0.005234791,0.005239874,0.005245278,0.005251636,0.005257479,0.005263266
6,9,0.007051315,0.017647626,0.011432549,0.007882391,0.006604758,0.006158273,0.006006675,0.005956795,0.005943948,0.005945338,0.00594995,0.005956206,0.005962939,0.005967375,0.005974995,0.005980968,0.005981645,0.005986,0.005988376,0.00598995,0.005993436
6,10,0.007474569,0.01872054,0.012118555,0.008328717,0.006957504,0.006467002,0.006293082,0.00622446,0.006197481,0.006186694,0.006181487,0.006178584,0.006177221,0.006173817,0.006172605,0.006170619,0.006169394,0.006168004,0.006166763,0.006166354,0.006167086
6,11,0.007248505,0.01817462,0.011746609,0.008059477,0.006711543,0.0062178,0.006025912,0.005948226,0.00590828,0.005884872,0.005868601,0.005854284,0.0058438,0.005834612,0.005825098,0.005817732,0.005812378,0.005806042,0.005800451,0.005794884,0.005791724
6,12,0.006489312,0.01628188,0.010512317,0.007189546,0.005968496,0.005511586,0.0053273,0.005240144,0.005193547,0.005159743,0.005135049,0.0051132,0.00509391,0.005079284,0.005066083,0.005052266,0.00504256,0.005031749,0.005020457,0.005014313,0.005007747
6,13,0.005396837,0.013559928,0.008740981,0.005960136,0.004930447,0.004540079,0.004373115,0.004291396,0.004239157,0.004200829,0.004173045,0.004148133,0.004125541,0.004103129,0.004088152,0.004073434,0.004057634,0.004046131,0.00403583,0.004025573,0.004016398
6,14,0.0042001,0.010556118,0.006798276,0.004625801,0.003813878,0.003497671,0.003357539,0.003284204,0.003234218,0.003197667,0.003169171,0.003141544,0.003119357,0.003098621,0.003082735,0.003066391,0.003053261,0.003038957,0.003026378,0.003017172,0.003010084
6,15,0.003071857,0.007729991,0.004972907,0.003372606,0.00277165,0.002533386,0.002423892,0.00236213,0.002320448,0.002288189,0.002261084,0.002236984,0.002216649,0.002197878,0.002181371,0.002167543,0.002154531,0.002142953,0.002133013,0.002124342,0.002116339
6,16,0.002121626,0.005341931,0.003433304,0.002322112,0.001902539,0.001732611,0.001652077,0.001604988,0.00157205,0.001545126,0.001522956,0.001503828,0.001486488,0.001471911,0.001458312,0.001446487,0.001435916,0.001426294,0.001418106,0.001410487,0.001404281
6,17,0.001389053,0.003499989,0.002246715,0.001516244,0.001237826,0.001123497,0.001067669,0.001033698,0.001009231,9.90E-04,9.73E-04,9.58E-04,9.45E-04,9.34E-04,9.24E-04,9.15E-04,9.07E-04,9.00E-04,8.94E-04,8.88E-04,8.83E-04
6,18,8.65E-04,0.002179906,0.001397988,9.41E-04,7.66E-04,6.93E-04,6.57E-04,6.34E-04,6.17E-04,6.03E-04,5.91E-04,5.81E-04,5.72E-04,5.64E-04,5.57E-04,5.50E-04,5.45E-04,5.40E-04,5.35E-04,5.32E-04,5.28E-04
6,19,5.13E-04,0.001294653,8.30E-04,5.58E-04,4.53E-04,4.08E-04,3.85E-04,3.71E-04,3.60E-04,3.51E-04,3.43E-04,3.36E-04,3.30E-04,3.25E-04,3.20E-04,3.16E-04,3.13E-04,3.09E-04,3.06E-04,3.04E-04,3.01E-04
6,20,2.91E-04,7.35E-04,4.71E-04,3.16E-04,2.56E-04,2.30E-04,2.16E-04,2.07E-04,2.01E-04,1.95E-04,1.90E-04,1.86E-04,1.83E-04,1.79E-04,1.76E-04,1.74E-04,1.71E-04,1.69E-04,1.68E-04,1.66E-04,1.65E-04
6,21,1.58E-04,4.00E-04,2.56E-04,1.71E-04,1.38E-04,1.24E-04,1.16E-04,1.11E-04,1.07E-04,1.04E-04,1.01E-04,9.89E-05,9.68E-05,9.49E-05,9.31E-05,9.17E-05,9.03E-05,8.92E-05,8.81E-05,8.71E-05,8.63E-05
6,22,8.25E-05,2.09E-04,1.33E-04,8.92E-05,7.19E-05,6.43E-05,6.01E-05,5.74E-05,5.53E-05,5.35E-05,5.19E-05,5.05E-05,4.93E-05,4.83E-05,4.73E-05,4.65E-05,4.57E-05,4.51E-05,4.45E-05,4.39E-05,4.35E-05
6,23,4.14E-05,1.05E-04,6.69E-05,4.46E-05,3.59E-05,3.20E-05,2.99E-05,2.85E-05,2.73E-05,2.64E-05,2.56E-05,2.48E-05,2.42E-05,2.36E-05,2.31E-05,2.27E-05,2.23E-05,2.19E-05,2.16E-05,2.14E-05,2.11E-05
6,24,2.00E-05,5.05E-05,3.23E-05,2.15E-05,1.73E-05,1.54E-05,1.43E-05,1.36E-05,1.30E-05,1.26E-05,1.22E-05,1.18E-05,1.15E-05,1.12E-05,1.09E-05,1.07E-05,1.05E-05,1.03E-05,1.02E-05,1.00E-05,9.89E-06
6,25,9.30E-06,2.35E-05,1.50E-05,1.00E-05,8.01E-06,7.12E-06,6.63E-06,6.28E-06,6.01E-06,5.77E-06,5.57E-06,5.40E-06,5.24E-06,5.10E-06,4.98E-06,4.87E-06,4.77E-06,4.68E-06,4.61E-06,4.54E-06,4.48E-06
6,26,4.17E-06,1.05E-05,6.74E-06,4.49E-06,3.59E-06,3.19E-06,2.96E-06,2.80E-06,2.67E-06,2.56E-06,2.47E-06,2.39E-06,2.32E-06,2.25E-06,2.19E-06,2.14E-06,2.10E-06,2.06E-06,2.02E-06,1.99E-06,1.96E-06
6,27,1.81E-06,4.58E-06,2.92E-06,1.94E-06,1.55E-06,1.38E-06,1.28E-06,1.21E-06,1.15E-06,1.10E-06,1.06E-06,1.02E-06,9.90E-07,9.62E-07,9.36E-07,9.13E-07,8.93E-07,8.75E-07,8.59E-07,8.44E-07,8.32E-07
6,28,7.59E-07,1.92E-06,1.23E-06,8.14E-07,6.51E-07,5.76E-07,5.33E-07,5.03E-07,4.79E-07,4.58E-07,4.40E-07,4.24E-07,4.10E-07,3.98E-07,3.87E-07,3.77E-07,3.68E-07,3.60E-07,3.54E-07,3.48E-07,3.42E-07
6,29,3.08E-07,7.78E-07,4.97E-07,3.30E-07,2.64E-07,2.33E-07,2.16E-07,2.03E-07,1.93E-07,1.85E-07,1.77E-07,1.71E-07,1.65E-07,1.60E-07,1.55E-07,1.51E-07,1.47E-07,1.44E-07,1.41E-07,1.39E-07,1.36E-07
6,30,1.21E-07,3.06E-07,1.95E-07,1.30E-07,1.04E-07,9.16E-08,8.45E-08,7.96E-08,7.56E-08,7.22E-08,6.91E-08,6.65E-08,6.42E-08,6.21E-08,6.03E-08,5.87E-08,5.72E-08,5.59E-08,5.48E-08,5.38E-08,5.29E-08
6,31,4.61E-08,1.17E-07,7.45E-08,4.95E-08,3.95E-08,3.49E-08,3.22E-08,3.02E-08,2.87E-08,2.74E-08,2.62E-08,2.52E-08,2.43E-08,2.35E-08,2.28E-08,2.21E-08,2.16E-08,2.11E-08,2.06E-08,2.02E-08,1.99E-08
6,32,1.71E-08,4.32E-08,2.76E-08,1.83E-08,1.46E-08,1.29E-08,1.19E-08,1.12E-08,1.06E-08,1.01E-08,9.64E-09,9.26E-09,8.92E-09,8.62E-09,8.35E-09,8.12E-09,7.91E-09,7.72E-09,7.55E-09,7.40E-09,7.27E-09
6,33,6.13E-09,1.55E-08,9.90E-09,6.58E-09,5.24E-09,4.63E-09,4.26E-09,4.00E-09,3.79E-09,3.61E-09,3.45E-09,3.31E-09,3.19E-09,3.08E-09,2.98E-09,2.89E-09,2.82E-09,2.75E-09,2.69E-09,2.63E-09,2.59E-09
6,34,2.14E-09,5.41E-09,3.46E-09,2.30E-09,1.83E-09,1.61E-09,1.49E-09,1.39E-09,1.32E-09,1.26E-09,1.20E-09,1.15E-09,1.11E-09,1.07E-09,1.03E-09,1.00E-09,9.76E-10,9.52E-10,9.31E-10,9.12E-10,8.95E-10
6,35,7.27E-10,1.84E-09,1.17E-09,7.80E-10,6.21E-10,5.47E-10,5.04E-10,4.72E-10,4.47E-10,4.25E-10,4.06E-10,3.89E-10,3.74E-10,3.61E-10,3.49E-10,3.39E-10,3.29E-10,3.21E-10,3.14E-10,3.07E-10,3.02E-10
6,36,2.40E-10,6.06E-10,3.87E-10,2.57E-10,2.05E-10,1.81E-10,1.66E-10,1.56E-10,1.47E-10,1.40E-10,1.34E-10,1.28E-10,1.23E-10,1.19E-10,1.15E-10,1.11E-10,1.08E-10,1.06E-10,1.03E-10,1.01E-10,9.90E-11
6,37,7.72E-11,1.95E-10,1.25E-10,8.28E-11,6.60E-11,5.82E-11,5.35E-11,5.01E-11,4.74E-11,4.50E-11,4.29E-11,4.11E-11,3.95E-11,3.81E-11,3.68E-11,3.57E-11,3.47E-11,3.38E-11,3.30E-11,3.23E-11,3.17E-11
6,38,2.42E-11,6.11E-11,3.90E-11,2.60E-11,2.07E-11,1.82E-11,1.68E-11,1.57E-11,1.48E-11,1.41E-11,1.34E-11,1.29E-11,1.24E-11,1.19E-11,1.15E-11,1.11E-11,1.08E-11,1.06E-11,1.03E-11,1.01E-11,9.88E-12
6,39,7.40E-12,1.87E-11,1.19E-11,7.94E-12,6.33E-12,5.57E-12,5.13E-12,4.79E-12,4.53E-12,4.30E-12,4.10E-12,3.92E-12,3.77E-12,3.63E-12,3.51E-12,3.40E-12,3.30E-12,3.21E-12,3.14E-12,3.07E-12,3.01E-12
6,40,2.21E-12,5.57E-12,3.56E-12,2.37E-12,1.89E-12,1.66E-12,1.53E-12,1.43E-12,1.35E-12,1.28E-12,1.22E-12,1.17E-12,1.12E-12,1.08E-12,1.04E-12,1.01E-12,9.82E-13,9.56E-13,9.32E-13,9.12E-13,8.94E-13
6,41,6.42E-13,1.62E-12,1.04E-12,6.89E-13,5.49E-13,4.84E-13,4.45E-13,4.16E-13,3.93E-13,3.73E-13,3.55E-13,3.40E-13,3.26E-13,3.14E-13,3.03E-13,2.93E-13,2.85E-13,2.77E-13,2.71E-13,2.65E-13,2.59E-13
6,42,1.82E-13,4.60E-13,2.94E-13,1.96E-13,1.56E-13,1.38E-13,1.26E-13,1.18E-13,1.12E-13,1.06E-13,1.01E-13,9.65E-14,9.25E-14,8.91E-14,8.60E-14,8.33E-14,8.08E-14,7.87E-14,7.67E-14,7.50E-14,7.35E-14
6,43,5.06E-14,1.28E-13,8.17E-14,5.44E-14,4.34E-14,3.82E-14,3.51E-14,3.28E-14,3.10E-14,2.94E-14,2.80E-14,2.68E-14,2.57E-14,2.47E-14,2.39E-14,2.31E-14,2.24E-14,2.18E-14,2.13E-14,2.08E-14,2.04E-14
6,44,1.37E-14,3.47E-14,2.22E-14,1.48E-14,1.18E-14,1.04E-14,9.53E-15,8.92E-15,8.41E-15,7.98E-15,7.60E-15,7.26E-15,6.97E-15,6.70E-15,6.47E-15,6.26E-15,6.07E-15,5.91E-15,5.77E-15,5.64E-15,5.52E-15
6,45,3.65E-15,9.20E-15,5.88E-15,3.92E-15,3.13E-15,2.76E-15,2.53E-15,2.37E-15,2.23E-15,2.12E-15,2.02E-15,1.93E-15,1.85E-15,1.78E-15,1.72E-15,1.66E-15,1.61E-15,1.57E-15,1.53E-15,1.49E-15,1.46E-15
6,46,9.48E-16,2.39E-15,1.53E-15,1.02E-15,8.13E-16,7.16E-16,6.58E-16,6.16E-16,5.80E-16,5.50E-16,5.24E-16,5.01E-16,4.80E-16,4.62E-16,4.45E-16,4.31E-16,4.18E-16,4.07E-16,3.96E-16,3.88E-16,3.80E-16
6,47,2.41E-16,6.08E-16,3.89E-16,2.59E-16,2.07E-16,1.82E-16,1.67E-16,1.57E-16,1.48E-16,1.40E-16,1.33E-16,1.27E-16,1.22E-16,1.17E-16,1.13E-16,1.10E-16,1.06E-16,1.03E-16,1.01E-16,9.85E-17,9.64E-17
6,48,6.01E-17,1.51E-16,9.68E-17,6.45E-17,5.15E-17,4.54E-17,4.17E-17,3.90E-17,3.68E-17,3.49E-17,3.32E-17,3.17E-17,3.04E-17,2.92E-17,2.82E-17,2.73E-17,2.65E-17,2.57E-17,2.51E-17,2.45E-17,2.40E-17
6,49,1.47E-17,3.69E-17,2.36E-17,1.59E-17,1.26E-17,1.11E-17,1.02E-17,9.52E-18,8.98E-18,8.51E-18,8.10E-18,7.73E-18,7.41E-18,7.13E-18,6.87E-18,6.65E-18,6.45E-18,6.27E-18,6.11E-18,5.97E-18,5.85E-18
6,50,2.45E-18,6.18E-18,3.95E-18,2.62E-18,2.09E-18,1.83E-18,1.67E-18,1.56E-18,1.46E-18,1.38E-18,1.30E-18,1.24E-18,1.18E-18,1.13E-18,1.09E-18,1.05E-18,1.01E-18,9.80E-19,9.52E-19,9.28E-19,9.06E-19
7,0,2.68E-06,3.72E-06,1.73E-06,1.03E-06,8.21E-07,7.59E-07,7.45E-07,7.46E-07,7.53E-07,7.61E-07,7.69E-07,7.76E-07,7.82E-07,7.87E-07,7.92E-07,7.97E-07,8.00E-07,8.04E-07,8.07E-07,8.09E-07,8.12E-07
7,1,2.74E-05,3.80E-05,1.76E-05,1.05E-05,8.36E-06,7.72E-06,7.56E-06,7.57E-06,7.63E-06,7.70E-06,7.78E-06,7.84E-06,7.90E-06,7.95E-06,8.00E-06,8.04E-06,8.08E-06,8.11E-06,8.14E-06,8.16E-06,8.18E-06
7,2,1.40E-04,1.94E-04,9.01E-05,5.35E-05,4.26E-05,3.93E-05,3.85E-05,3.85E-05,3.87E-05,3.91E-05,3.94E-05,3.97E-05,4.00E-05,4.02E-05,4.05E-05,4.06E-05,4.08E-05,4.10E-05,4.11E-05,4.12E-05,4.13E-05
7,3,4.79E-04,6.65E-04,3.08E-04,1.83E-04,1.45E-04,1.34E-04,1.31E-04,1.31E-04,1.31E-04,1.32E-04,1.33E-04,1.34E-04,1.35E-04,1.36E-04,1.37E-04,1.37E-04,1.38E-04,1.38E-04,1.39E-04,1.39E-04,1.39E-04
7,4,0.00123213,0.00171312,7.93E-04,4.70E-04,3.73E-04,3.43E-04,3.34E-04,3.33E-04,3.35E-04,3.37E-04,3.39E-04,3.42E-04,3.43E-04,3.45E-04,3.46E-04,3.48E-04,3.49E-04,3.50E-04,3.51E-04,3.52E-04,3.53E-04
7,5,0.002547105,0.003542603,0.001637444,9.70E-04,7.67E-04,7.04E-04,6.86E-04,6.83E-04,6.85E-04,6.89E-04,6.92E-04,6.96E-04,7.00E-04,7.02E-04,7.05E-04,7.07E-04,7.09E-04,7.11E-04,7.13E-04,7.14E-04,7.16E-04
7,6,0.004402647,0.006133166,0.002832445,0.001673129,0.00132198,0.001210089,0.001176015,0.001169174,0.001170873,0.001175422,0.001180605,0.001185863,0.001190279,0.001194307,0.001197822,0.001201444,0.001204386,0.001207039,0.001208943,0.001211044,0.00121284
7,7,0.006560215,0.00914658,0.004219342,0.002487591,0.001959925,0.001789794,0.001735636,0.001721882,0.001721579,0.001726165,0.001730892,0.001736952,0.001740943,0.001745631,0.001750427,0.001753987,0.001756441,0.001759784,0.001761761,0.001763756,0.001766057
7,8,0.008598139,0.011996346,0.005527255,0.003250036,0.002555695,0.002326732,0.002251788,0.002228444,0.002223474,0.00222716,0.002230692,0.002234473,0.00223851,0.002241376,0.002244228,0.002246693,0.002249538,0.002251803,0.002254422,0.00225474,0.002257259
7,9,0.010062336,0.014059762,0.006469988,0.003797626,0.002978438,0.002703211,0.002608729,0.002575735,0.002566584,0.002562274,0.002562781,0.002563421,0.002566095,0.002567409,0.002568137,0.002568007,0.002570151,0.002569782,0.002570877,0.002571451,0.002571458
7,10,0.010676486,0.014920978,0.006860426,0.004016975,0.00313824,0.002842167,0.00273602,0.002694633,0.002677544,0.002669436,0.002664286,0.002661659,0.002657763,0.002657306,0.002654613,0.00265322,0.002650683,0.002650569,0.002649115,0.002646892,0.002647211
7,11,0.010357404,0.014491523,0.006653611,0.003883828,0.003027442,0.002733107,0.00262206,0.002576594,0.002553716,0.00253998,0.002530402,0.002523547,0.002516388,0.002510347,0.002507398,0.002502793,0.002497377,0.002494796,0.002491017,0.002490231,0.002486804
7,12,0.009272822,0.012988403,0.005955821,0.003469585,0.002694386,0.002423167,0.002318471,0.00227042,0.002245453,0.002228563,0.002215385,0.002204062,0.00219623,0.002188305,0.002181145,0.002174462,0.00216785,0.002163458,0.002159757,0.00215458,0.002153046
7,13,0.007713079,0.010816965,0.004958523,0.002877695,0.002227786,0.001997529,0.001904184,0.001859761,0.00183374,0.001815397,0.001801248,0.001788838,0.001778483,0.001768796,0.001760537,0.001753101,0.001746656,0.001740924,0.001735899,0.001731106,0.001726871
7,14,0.00600496,0.008426523,0.003856129,0.00223324,0.00172304,0.00153949,0.001462552,0.001424002,0.001400065,0.001382916,0.001368016,0.001356068,0.001345275,0.001335966,0.001327909,0.001320628,0.001313753,0.001308011,0.001303217,0.001298349,0.00129458
7,15,0.004395143,0.006170671,0.002821054,0.001629316,0.001252945,0.00111562,0.001056333,0.001025234,0.001005026,9.89E-04,9.77E-04,9.66E-04,9.57E-04,9.48E-04,9.41E-04,9.34E-04,9.28E-04,9.23E-04,9.18E-04,9.15E-04,9.11E-04
7,16,0.0030358,0.004267512,0.001948004,0.001122458,8.60E-04,7.63E-04,7.20E-04,6.97E-04,6.81E-04,6.69E-04,6.58E-04,6.50E-04,6.42E-04,6.35E-04,6.29E-04,6.24E-04,6.19E-04,6.15E-04,6.11E-04,6.08E-04,6.05E-04
7,17,0.001987414,0.002796586,0.00127507,7.33E-04,5.60E-04,4.95E-04,4.66E-04,4.49E-04,4.38E-04,4.28E-04,4.21E-04,4.14E-04,4.08E-04,4.03E-04,3.99E-04,3.95E-04,3.91E-04,3.88E-04,3.85E-04,3.83E-04,3.80E-04
7,18,0.001237974,0.001742041,7.94E-04,4.55E-04,3.47E-04,3.06E-04,2.86E-04,2.75E-04,2.67E-04,2.61E-04,2.56E-04,2.51E-04,2.47E-04,2.44E-04,2.40E-04,2.38E-04,2.35E-04,2.33E-04,2.31E-04,2.29E-04,2.28E-04
7,19,7.35E-04,0.001034943,4.71E-04,2.70E-04,2.05E-04,1.80E-04,1.68E-04,1.61E-04,1.56E-04,1.52E-04,1.48E-04,1.45E-04,1.43E-04,1.40E-04,1.38E-04,1.37E-04,1.35E-04,1.33E-04,1.32E-04,1.31E-04,1.30E-04
7,20,4.17E-04,5.88E-04,2.67E-04,1.53E-04,1.16E-04,1.01E-04,9.44E-05,9.01E-05,8.71E-05,8.46E-05,8.25E-05,8.06E-05,7.90E-05,7.75E-05,7.62E-05,7.51E-05,7.40E-05,7.31E-05,7.24E-05,7.16E-05,7.10E-05
7,21,2.27E-04,3.20E-04,1.45E-04,8.28E-05,6.26E-05,5.47E-05,5.08E-05,4.84E-05,4.66E-05,4.52E-05,4.39E-05,4.28E-05,4.19E-05,4.10E-05,4.03E-05,3.96E-05,3.90E-05,3.85E-05,3.80E-05,3.76E-05,3.72E-05
7,22,1.18E-04,1.67E-04,7.58E-05,4.31E-05,3.25E-05,2.83E-05,2.63E-05,2.49E-05,2.40E-05,2.32E-05,2.25E-05,2.19E-05,2.13E-05,2.09E-05,2.05E-05,2.01E-05,1.98E-05,1.95E-05,1.92E-05,1.90E-05,1.88E-05
7,23,5.93E-05,8.37E-05,3.80E-05,2.16E-05,1.62E-05,1.41E-05,1.31E-05,1.24E-05,1.19E-05,1.14E-05,1.11E-05,1.08E-05,1.05E-05,1.02E-05,1.00E-05,9.81E-06,9.64E-06,9.48E-06,9.34E-06,9.22E-06,9.11E-06
7,24,2.86E-05,4.04E-05,1.83E-05,1.04E-05,7.82E-06,6.78E-06,6.26E-06,5.92E-06,5.66E-06,5.45E-06,5.27E-06,5.10E-06,4.96E-06,4.84E-06,4.73E-06,4.63E-06,4.54E-06,4.46E-06,4.39E-06,4.32E-06,4.27E-06
7,25,1.33E-05,1.88E-05,8.53E-06,4.83E-06,3.63E-06,3.14E-06,2.89E-06,2.73E-06,2.61E-06,2.50E-06,2.42E-06,2.34E-06,2.27E-06,2.21E-06,2.15E-06,2.10E-06,2.06E-06,2.02E-06,1.99E-06,1.96E-06,1.93E-06
7,26,5.98E-06,8.43E-06,3.83E-06,2.17E-06,1.62E-06,1.40E-06,1.29E-06,1.22E-06,1.16E-06,1.11E-06,1.07E-06,1.03E-06,1.00E-06,9.74E-07,9.49E-07,9.26E-07,9.07E-07,8.89E-07,8.74E-07,8.60E-07,8.47E-07
7,27,2.59E-06,3.66E-06,1.66E-06,9.40E-07,7.03E-07,6.07E-07,5.57E-07,5.24E-07,4.99E-07,4.78E-07,4.59E-07,4.43E-07,4.29E-07,4.16E-07,4.05E-07,3.95E-07,3.86E-07,3.78E-07,3.71E-07,3.65E-07,3.59E-07
7,28,1.09E-06,1.53E-06,6.95E-07,3.94E-07,2.95E-07,2.54E-07,2.33E-07,2.19E-07,2.08E-07,1.99E-07,1.91E-07,1.84E-07,1.78E-07,1.72E-07,1.67E-07,1.63E-07,1.59E-07,1.56E-07,1.53E-07,1.50E-07,1.48E-07
7,29,4.41E-07,6.22E-07,2.82E-07,1.60E-07,1.19E-07,1.03E-07,9.41E-08,8.83E-08,8.38E-08,8.00E-08,7.67E-08,7.39E-08,7.13E-08,6.91E-08,6.71E-08,6.53E-08,6.37E-08,6.23E-08,6.11E-08,6.00E-08,5.90E-08
7,30,1.73E-07,2.45E-07,1.11E-07,6.28E-08,4.69E-08,4.03E-08,3.69E-08,3.46E-08,3.28E-08,3.13E-08,2.99E-08,2.88E-08,2.78E-08,2.69E-08,2.61E-08,2.54E-08,2.47E-08,2.42E-08,2.37E-08,2.32E-08,2.28E-08
7,31,6.61E-08,9.32E-08,4.23E-08,2.39E-08,1.78E-08,1.54E-08,1.40E-08,1.31E-08,1.24E-08,1.19E-08,1.13E-08,1.09E-08,1.05E-08,1.02E-08,9.85E-09,9.57E-09,9.33E-09,9.11E-09,8.92E-09,8.74E-09,8.59E-09
7,32,2.44E-08,3.45E-08,1.56E-08,8.84E-09,6.59E-09,5.67E-09,5.18E-09,4.85E-09,4.59E-09,4.37E-09,4.18E-09,4.01E-09,3.86E-09,3.73E-09,3.61E-09,3.51E-09,3.42E-09,3.34E-09,3.26E-09,3.20E-09,3.14E-09
7,33,8.78E-09,1.24E-08,5.61E-09,3.18E-09,2.37E-09,2.04E-09,1.86E-09,1.74E-09,1.64E-09,1.56E-09,1.49E-09,1.43E-09,1.38E-09,1.33E-09,1.29E-09,1.25E-09,1.22E-09,1.19E-09,1.16E-09,1.14E-09,1.12E-09
7,34,3.07E-09,4.32E-09,1.96E-09,1.11E-09,8.27E-10,7.10E-10,6.47E-10,6.05E-10,5.72E-10,5.44E-10,5.19E-10,4.98E-10,4.79E-10,4.62E-10,4.47E-10,4.34E-10,4.22E-10,4.12E-10,4.02E-10,3.94E-10,3.86E-10
7,35,1.04E-09,1.47E-09,6.65E-10,3.76E-10,2.81E-10,2.41E-10,2.20E-10,2.05E-10,1.94E-10,1.84E-10,1.76E-10,1.68E-10,1.62E-10,1.56E-10,1.51E-10,1.46E-10,1.42E-10,1.39E-10,1.36E-10,1.33E-10,1.30E-10
7,36,3.44E-10,4.84E-10,2.20E-10,1.24E-10,9.27E-11,7.96E-11,7.25E-11,6.77E-11,6.39E-11,6.07E-11,5.79E-11,5.54E-11,5.33E-11,5.14E-11,4.96E-11,4.81E-11,4.68E-11,4.56E-11,4.45E-11,4.36E-11,4.28E-11
7,37,1.11E-10,1.56E-10,7.06E-11,4.00E-11,2.98E-11,2.56E-11,2.33E-11,2.17E-11,2.05E-11,1.95E-11,1.86E-11,1.78E-11,1.71E-11,1.65E-11,1.59E-11,1.54E-11,1.50E-11,1.46E-11,1.43E-11,1.39E-11,1.37E-11
7,38,3.47E-11,4.88E-11,2.21E-11,1.25E-11,9.34E-12,8.02E-12,7.30E-12,6.81E-12,6.42E-12,6.10E-12,5.81E-12,5.56E-12,5.34E-12,5.15E-12,4.97E-12,4.82E-12,4.68E-12,4.56E-12,4.45E-12,4.35E-12,4.27E-12
7,39,1.06E-11,1.49E-11,6.76E-12,3.83E-12,2.86E-12,2.45E-12,2.23E-12,2.08E-12,1.96E-12,1.86E-12,1.77E-12,1.70E-12,1.63E-12,1.57E-12,1.52E-12,1.47E-12,1.43E-12,1.39E-12,1.35E-12,1.32E-12,1.30E-12
7,40,3.16E-12,4.44E-12,2.02E-12,1.14E-12,8.52E-13,7.31E-13,6.65E-13,6.20E-13,5.84E-13,5.54E-13,5.28E-13,5.05E-13,4.85E-13,4.67E-13,4.51E-13,4.37E-13,4.24E-13,4.12E-13,4.03E-13,3.94E-13,3.86E-13
7,41,9.19E-13,1.29E-12,5.86E-13,3.32E-13,2.48E-13,2.13E-13,1.94E-13,1.80E-13,1.70E-13,1.61E-13,1.54E-13,1.47E-13,1.41E-13,1.36E-13,1.31E-13,1.27E-13,1.23E-13,1.20E-13,1.17E-13,1.14E-13,1.12E-13
7,42,2.61E-13,3.67E-13,1.67E-13,9.44E-14,7.05E-14,6.04E-14,5.50E-14,5.13E-14,4.83E-14,4.58E-14,4.36E-14,4.17E-14,4.00E-14,3.85E-14,3.71E-14,3.59E-14,3.49E-14,3.40E-14,3.31E-14,3.24E-14,3.17E-14
7,43,7.25E-14,1.02E-13,4.63E-14,2.62E-14,1.96E-14,1.68E-14,1.53E-14,1.42E-14,1.34E-14,1.27E-14,1.21E-14,1.16E-14,1.11E-14,1.07E-14,1.03E-14,9.96E-15,9.67E-15,9.41E-15,9.18E-15,8.97E-15,8.79E-15
7,44,1.97E-14,2.77E-14,1.26E-14,7.11E-15,5.31E-15,4.56E-15,4.15E-15,3.86E-15,3.64E-15,3.45E-15,3.28E-15,3.14E-15,3.01E-15,2.89E-15,2.79E-15,2.70E-15,2.62E-15,2.55E-15,2.49E-15,2.43E-15,2.38E-15
7,45,5.22E-15,7.35E-15,3.33E-15,1.88E-15,1.41E-15,1.21E-15,1.10E-15,1.03E-15,9.66E-16,9.16E-16,8.72E-16,8.32E-16,7.98E-16,7.68E-16,7.40E-16,7.17E-16,6.95E-16,6.76E-16,6.59E-16,6.44E-16,6.31E-16
7,46,1.36E-15,1.91E-15,8.66E-16,4.92E-16,3.66E-16,3.15E-16,2.86E-16,2.67E-16,2.51E-16,2.38E-16,2.26E-16,2.16E-16,2.07E-16,1.99E-16,1.92E-16,1.86E-16,1.80E-16,1.76E-16,1.71E-16,1.67E-16,1.64E-16
7,47,3.45E-16,4.85E-16,2.20E-16,1.25E-16,9.32E-17,8.01E-17,7.28E-17,6.78E-17,6.38E-17,6.05E-17,5.76E-17,5.50E-17,5.27E-17,5.07E-17,4.89E-17,4.72E-17,4.58E-17,4.46E-17,4.35E-17,4.25E-17,4.16E-17
7,48,8.60E-17,1.21E-16,5.48E-17,2.97E-17,2.32E-17,1.99E-17,1.81E-17,1.69E-17,1.59E-17,1.51E-17,1.43E-17,1.37E-17,1.31E-17,1.26E-17,1.22E-17,1.18E-17,1.14E-17,1.11E-17,1.08E-17,1.06E-17,1.03E-17
7,49,2.10E-17,2.95E-17,1.34E-17,7.33E-18,5.67E-18,4.87E-18,4.42E-18,4.12E-18,3.88E-18,3.67E-18,3.49E-18,3.34E-18,3.20E-18,3.07E-18,2.97E-18,2.87E-18,2.78E-18,2.70E-18,2.63E-18,2.57E-18,2.52E-18
7,50,3.51E-18,4.93E-18,2.23E-18,1.19E-18,9.44E-19,8.05E-19,7.29E-19,6.75E-19,6.32E-19,5.95E-19,5.63E-19,5.35E-19,5.10E-19,4.88E-19,4.68E-19,4.51E-19,4.36E-19,4.23E-19,4.11E-19,4.00E-19,3.91E-19
8,0,3.35E-06,2.58E-06,8.51E-07,4.32E-07,3.23E-07,2.91E-07,2.82E-07,2.82E-07,2.83E-07,2.86E-07,2.89E-07,2.91E-07,2.93E-07,2.95E-07,2.97E-07,2.99E-07,3.00E-07,3.01E-07,3.02E-07,3.03E-07,3.04E-07
8,1,3.41E-05,2.64E-05,8.68E-06,4.40E-06,3.28E-06,2.95E-06,2.86E-06,2.86E-06,2.87E-06,2.90E-06,2.92E-06,2.95E-06,2.96E-06,2.98E-06,3.00E-06,3.01E-06,3.03E-06,3.04E-06,3.05E-06,3.06E-06,3.07E-06
8,2,1.75E-04,1.35E-04,4.44E-05,2.25E-05,1.68E-05,1.50E-05,1.46E-05,1.45E-05,1.46E-05,1.47E-05,1.48E-05,1.49E-05,1.50E-05,1.51E-05,1.52E-05,1.52E-05,1.53E-05,1.54E-05,1.54E-05,1.54E-05,1.55E-05
8,3,5.97E-04,4.62E-04,1.52E-04,7.68E-05,5.72E-05,5.12E-05,4.96E-05,4.93E-05,4.95E-05,4.98E-05,5.01E-05,5.04E-05,5.08E-05,5.10E-05,5.12E-05,5.14E-05,5.17E-05,5.18E-05,5.20E-05,5.21E-05,5.22E-05
8,4,0.001537426,0.00119079,3.91E-04,1.97E-04,1.47E-04,1.31E-04,1.27E-04,1.26E-04,1.26E-04,1.27E-04,1.28E-04,1.28E-04,1.29E-04,1.30E-04,1.30E-04,1.31E-04,1.31E-04,1.31E-04,1.32E-04,1.32E-04,1.32E-04
8,5,0.003178413,0.002463301,8.09E-04,4.07E-04,3.02E-04,2.70E-04,2.60E-04,2.58E-04,2.58E-04,2.59E-04,2.61E-04,2.62E-04,2.63E-04,2.64E-04,2.65E-04,2.65E-04,2.66E-04,2.67E-04,2.67E-04,2.68E-04,2.68E-04
8,6,0.005497626,0.004266948,0.001399563,7.04E-04,5.21E-04,4.64E-04,4.46E-04,4.42E-04,4.41E-04,4.43E-04,4.45E-04,4.46E-04,4.47E-04,4.49E-04,4.50E-04,4.51E-04,4.52E-04,4.53E-04,4.54E-04,4.54E-04,4.55E-04
8,7,0.008190172,0.006364083,0.002084878,0.001046981,7.72E-04,6.87E-04,6.59E-04,6.51E-04,6.50E-04,6.50E-04,6.52E-04,6.53E-04,6.55E-04,6.56E-04,6.58E-04,6.59E-04,6.60E-04,6.61E-04,6.61E-04,6.62E-04,6.63E-04
8,8,0.010739154,0.008347477,0.002733963,0.001369055,0.001006891,8.94E-04,8.55E-04,8.43E-04,8.40E-04,8.40E-04,8.40E-04,8.41E-04,8.42E-04,8.43E-04,8.44E-04,8.45E-04,8.45E-04,8.46E-04,8.46E-04,8.47E-04,8.47E-04
8,9,0.012580492,0.009789324,0.003201681,0.001600397,0.001173766,0.001038516,9.92E-04,9.75E-04,9.69E-04,9.67E-04,9.66E-04,9.66E-04,9.65E-04,9.66E-04,9.66E-04,9.66E-04,9.66E-04,9.65E-04,9.66E-04,9.65E-04,9.66E-04
8,10,0.013343426,0.010390103,0.003396785,0.001693783,0.001238142,0.001092221,0.001040265,0.001020304,0.001011637,0.001007312,0.001004619,0.001003131,0.001001157,1.00E-03,9.99E-04,9.98E-04,9.97E-04,9.96E-04,9.95E-04,9.95E-04,9.94E-04
8,11,0.012949212,0.010097452,0.003295941,0.001639117,0.001194775,0.001050889,9.98E-04,9.76E-04,9.65E-04,9.59E-04,9.55E-04,9.51E-04,9.48E-04,9.46E-04,9.43E-04,9.42E-04,9.40E-04,9.38E-04,9.37E-04,9.36E-04,9.34E-04
8,12,0.011595974,0.009053343,0.002951504,0.001464432,0.001063742,9.32E-04,8.83E-04,8.61E-04,8.49E-04,8.42E-04,8.36E-04,8.32E-04,8.27E-04,8.24E-04,8.22E-04,8.18E-04,8.16E-04,8.14E-04,8.12E-04,8.11E-04,8.09E-04
8,13,0.009649041,0.007547127,0.002456922,0.001215386,8.80E-04,7.69E-04,7.25E-04,7.05E-04,6.94E-04,6.86E-04,6.80E-04,6.75E-04,6.71E-04,6.67E-04,6.63E-04,6.61E-04,6.58E-04,6.55E-04,6.53E-04,6.51E-04,6.50E-04
8,14,0.007514096,0.005878409,0.00191279,9.44E-04,6.81E-04,5.93E-04,5.57E-04,5.41E-04,5.30E-04,5.23E-04,5.17E-04,5.12E-04,5.08E-04,5.04E-04,5.01E-04,4.98E-04,4.95E-04,4.93E-04,4.90E-04,4.89E-04,4.87E-04
8,15,0.005501146,0.004306843,0.001399366,6.89E-04,4.96E-04,4.30E-04,4.03E-04,3.89E-04,3.81E-04,3.74E-04,3.69E-04,3.65E-04,3.61E-04,3.58E-04,3.55E-04,3.52E-04,3.50E-04,3.48E-04,3.46E-04,3.44E-04,3.43E-04
8,16,0.003799089,0.002978961,9.67E-04,4.75E-04,3.40E-04,2.94E-04,2.75E-04,2.65E-04,2.58E-04,2.53E-04,2.49E-04,2.46E-04,2.43E-04,2.40E-04,2.37E-04,2.35E-04,2.33E-04,2.32E-04,2.30E-04,2.29E-04,2.28E-04
8,17,0.002489266,0.00195258,6.33E-04,3.10E-04,2.22E-04,1.91E-04,1.78E-04,1.71E-04,1.66E-04,1.62E-04,1.59E-04,1.57E-04,1.54E-04,1.52E-04,1.51E-04,1.49E-04,1.48E-04,1.46E-04,1.45E-04,1.44E-04,1.43E-04
8,18,0.001549653,0.001216969,3.94E-04,1.93E-04,1.37E-04,1.18E-04,1.09E-04,1.05E-04,1.01E-04,9.89E-05,9.68E-05,9.51E-05,9.35E-05,9.21E-05,9.08E-05,8.97E-05,8.88E-05,8.79E-05,8.71E-05,8.64E-05,8.58E-05
8,19,9.21E-04,7.23E-04,2.34E-04,1.14E-04,8.11E-05,6.94E-05,6.42E-05,6.12E-05,5.92E-05,5.76E-05,5.62E-05,5.50E-05,5.40E-05,5.31E-05,5.23E-05,5.16E-05,5.09E-05,5.04E-05,4.99E-05,4.94E-05,4.90E-05
8,20,5.22E-04,4.11E-04,1.33E-04,6.46E-05,4.58E-05,3.91E-05,3.60E-05,3.43E-05,3.31E-05,3.21E-05,3.12E-05,3.05E-05,2.99E-05,2.93E-05,2.88E-05,2.84E-05,2.80E-05,2.76E-05,2.73E-05,2.70E-05,2.68E-05
8,21,2.84E-04,2.23E-04,7.22E-05,3.50E-05,2.48E-05,2.11E-05,1.94E-05,1.84E-05,1.77E-05,1.71E-05,1.66E-05,1.62E-05,1.59E-05,1.55E-05,1.52E-05,1.50E-05,1.47E-05,1.45E-05,1.44E-05,1.42E-05,1.41E-05
8,22,1.48E-04,1.17E-04,3.76E-05,1.83E-05,1.29E-05,1.09E-05,1.00E-05,9.49E-06,9.10E-06,8.79E-06,8.52E-06,8.29E-06,8.08E-06,7.90E-06,7.74E-06,7.59E-06,7.47E-06,7.36E-06,7.26E-06,7.17E-06,7.09E-06
8,23,7.43E-05,5.84E-05,1.89E-05,9.14E-06,6.44E-06,5.45E-06,4.99E-06,4.71E-06,4.50E-06,4.34E-06,4.20E-06,4.08E-06,3.97E-06,3.87E-06,3.79E-06,3.71E-06,3.64E-06,3.59E-06,3.53E-06,3.48E-06,3.44E-06
8,24,3.59E-05,2.82E-05,9.10E-06,4.40E-06,3.09E-06,2.62E-06,2.39E-06,2.25E-06,2.15E-06,2.07E-06,2.00E-06,1.93E-06,1.88E-06,1.83E-06,1.79E-06,1.75E-06,1.72E-06,1.69E-06,1.66E-06,1.64E-06,1.61E-06
8,25,1.67E-05,1.31E-05,4.23E-06,2.05E-06,1.44E-06,1.21E-06,1.10E-06,1.04E-06,9.89E-07,9.49E-07,9.16E-07,8.85E-07,8.59E-07,8.36E-07,8.15E-07,7.97E-07,7.80E-07,7.66E-07,7.53E-07,7.41E-07,7.31E-07
8,26,7.49E-06,5.89E-06,1.90E-06,9.18E-07,6.43E-07,5.42E-07,4.93E-07,4.63E-07,4.40E-07,4.22E-07,4.06E-07,3.92E-07,3.80E-07,3.69E-07,3.59E-07,3.51E-07,3.43E-07,3.36E-07,3.30E-07,3.25E-07,3.20E-07
8,27,3.25E-06,2.55E-06,8.23E-07,3.97E-07,2.78E-07,2.34E-07,2.13E-07,1.99E-07,1.89E-07,1.81E-07,1.74E-07,1.68E-07,1.62E-07,1.58E-07,1.53E-07,1.49E-07,1.46E-07,1.43E-07,1.40E-07,1.38E-07,1.36E-07
8,28,1.36E-06,1.07E-06,3.45E-07,1.67E-07,1.16E-07,9.79E-08,8.88E-08,8.31E-08,7.88E-08,7.53E-08,7.23E-08,6.96E-08,6.73E-08,6.52E-08,6.33E-08,6.17E-08,6.03E-08,5.90E-08,5.78E-08,5.68E-08,5.59E-08
8,29,5.53E-07,4.34E-07,1.40E-07,6.75E-08,4.72E-08,3.96E-08,3.59E-08,3.36E-08,3.18E-08,3.03E-08,2.91E-08,2.80E-08,2.70E-08,2.61E-08,2.54E-08,2.47E-08,2.41E-08,2.36E-08,2.31E-08,2.27E-08,2.23E-08
8,30,2.17E-07,1.71E-07,5.50E-08,2.65E-08,1.85E-08,1.55E-08,1.41E-08,1.31E-08,1.24E-08,1.19E-08,1.14E-08,1.09E-08,1.05E-08,1.02E-08,9.87E-09,9.60E-09,9.36E-09,9.14E-09,8.96E-09,8.79E-09,8.64E-09
8,31,8.29E-08,6.51E-08,2.10E-08,1.01E-08,7.06E-09,5.92E-09,5.35E-09,4.99E-09,4.72E-09,4.50E-09,4.30E-09,4.13E-09,3.98E-09,3.85E-09,3.73E-09,3.62E-09,3.53E-09,3.45E-09,3.37E-09,3.31E-09,3.25E-09
8,32,3.06E-08,2.41E-08,7.75E-09,3.74E-09,2.61E-09,2.19E-09,1.98E-09,1.84E-09,1.74E-09,1.66E-09,1.58E-09,1.52E-09,1.46E-09,1.41E-09,1.37E-09,1.33E-09,1.29E-09,1.26E-09,1.23E-09,1.21E-09,1.19E-09
8,33,1.10E-08,8.65E-09,2.78E-09,1.34E-09,9.37E-10,7.84E-10,7.08E-10,6.60E-10,6.23E-10,5.92E-10,5.66E-10,5.42E-10,5.22E-10,5.04E-10,4.88E-10,4.73E-10,4.61E-10,4.49E-10,4.39E-10,4.30E-10,4.22E-10
8,34,3.84E-09,3.02E-09,9.72E-10,4.68E-10,3.27E-10,2.73E-10,2.47E-10,2.30E-10,2.17E-10,2.06E-10,1.97E-10,1.88E-10,1.81E-10,1.75E-10,1.69E-10,1.64E-10,1.60E-10,1.56E-10,1.52E-10,1.49E-10,1.46E-10
8,35,1.30E-09,1.02E-09,3.30E-10,1.59E-10,1.11E-10,9.28E-11,8.37E-11,7.79E-11,7.34E-11,6.97E-11,6.65E-11,6.37E-11,6.13E-11,5.91E-11,5.71E-11,5.54E-11,5.39E-11,5.25E-11,5.13E-11,5.02E-11,4.92E-11
8,36,4.31E-10,3.38E-10,1.09E-10,5.25E-11,3.66E-11,3.06E-11,2.76E-11,2.57E-11,2.42E-11,2.30E-11,2.19E-11,2.10E-11,2.01E-11,1.94E-11,1.88E-11,1.82E-11,1.77E-11,1.72E-11,1.68E-11,1.65E-11,1.62E-11
8,37,1.39E-10,1.09E-10,3.50E-11,1.69E-11,1.18E-11,9.85E-12,8.88E-12,8.25E-12,7.78E-12,7.38E-12,7.03E-12,6.73E-12,6.47E-12,6.23E-12,6.02E-12,5.83E-12,5.67E-12,5.52E-12,5.39E-12,5.27E-12,5.17E-12
8,38,4.34E-11,3.41E-11,1.10E-11,5.29E-12,3.69E-12,3.09E-12,2.78E-12,2.59E-12,2.43E-12,2.31E-12,2.20E-12,2.10E-12,2.02E-12,1.95E-12,1.88E-12,1.82E-12,1.77E-12,1.72E-12,1.68E-12,1.64E-12,1.61E-12
8,39,1.33E-11,1.04E-11,3.35E-12,1.62E-12,1.13E-12,9.43E-13,8.50E-13,7.90E-13,7.43E-13,7.05E-13,6.71E-13,6.42E-13,6.16E-13,5.93E-13,5.73E-13,5.55E-13,5.39E-13,5.24E-13,5.12E-13,5.01E-13,4.90E-13
8,40,3.95E-12,3.10E-12,9.99E-13,4.82E-13,3.36E-13,2.81E-13,2.53E-13,2.35E-13,2.22E-13,2.10E-13,2.00E-13,1.91E-13,1.83E-13,1.76E-13,1.70E-13,1.65E-13,1.60E-13,1.56E-13,1.52E-13,1.49E-13,1.46E-13
8,41,1.15E-12,9.03E-13,2.90E-13,1.40E-13,9.78E-14,8.18E-14,7.37E-14,6.85E-14,6.44E-14,6.10E-14,5.81E-14,5.55E-14,5.33E-14,5.13E-14,4.95E-14,4.79E-14,4.65E-14,4.52E-14,4.41E-14,4.31E-14,4.23E-14
8,42,3.27E-13,2.56E-13,8.25E-14,3.99E-14,2.78E-14,2.32E-14,2.10E-14,1.94E-14,1.83E-14,1.73E-14,1.65E-14,1.58E-14,1.51E-14,1.45E-14,1.40E-14,1.36E-14,1.32E-14,1.28E-14,1.25E-14,1.22E-14,1.20E-14
8,43,9.08E-14,7.12E-14,2.29E-14,1.11E-14,7.72E-15,6.46E-15,5.82E-15,5.40E-15,5.08E-15,4.81E-15,4.58E-15,4.37E-15,4.19E-15,4.03E-15,3.89E-15,3.76E-15,3.65E-15,3.55E-15,3.47E-15,3.39E-15,3.32E-15
8,44,2.46E-14,1.93E-14,6.22E-15,3.00E-15,2.10E-15,1.75E-15,1.58E-15,1.47E-15,1.38E-15,1.30E-15,1.24E-15,1.19E-15,1.14E-15,1.09E-15,1.05E-15,1.02E-15,9.90E-16,9.63E-16,9.39E-16,9.18E-16,8.99E-16
8,45,6.54E-15,5.13E-15,1.65E-15,7.86E-16,5.57E-16,4.65E-16,4.19E-16,3.89E-16,3.66E-16,3.46E-16,3.30E-16,3.15E-16,3.02E-16,2.90E-16,2.80E-16,2.71E-16,2.62E-16,2.55E-16,2.49E-16,2.43E-16,2.38E-16
8,46,1.70E-15,1.33E-15,4.29E-16,2.10E-16,1.45E-16,1.21E-16,1.09E-16,1.01E-16,9.50E-17,8.99E-17,8.56E-17,8.17E-17,7.83E-17,7.53E-17,7.26E-17,7.02E-17,6.81E-17,6.63E-17,6.46E-17,6.31E-17,6.18E-17
8,47,4.32E-16,3.38E-16,1.09E-16,5.07E-17,3.68E-17,3.07E-17,2.77E-17,2.57E-17,2.42E-17,2.29E-17,2.17E-17,2.08E-17,1.99E-17,1.91E-17,1.84E-17,1.79E-17,1.73E-17,1.68E-17,1.64E-17,1.60E-17,1.57E-17
8,48,1.08E-16,8.42E-17,2.72E-17,1.21E-17,9.16E-18,7.67E-18,6.89E-18,6.40E-18,6.02E-18,5.70E-18,5.42E-18,5.17E-18,4.95E-18,4.76E-18,4.59E-18,4.44E-18,4.31E-18,4.18E-18,4.08E-18,3.99E-18,3.90E-18
8,49,2.63E-17,2.05E-17,6.62E-18,2.21E-18,2.23E-18,1.88E-18,1.68E-18,1.56E-18,1.47E-18,1.39E-18,1.32E-18,1.26E-18,1.21E-18,1.16E-18,1.12E-18,1.08E-18,1.05E-18,1.02E-18,9.95E-19,9.71E-19,9.51E-19
8,50,4.39E-18,3.44E-18,1.10E-18,7.04E-19,3.72E-19,3.11E-19,2.77E-19,2.56E-19,2.39E-19,2.25E-19,2.13E-19,2.02E-19,1.93E-19,1.84E-19,1.77E-19,1.70E-19,1.65E-19,1.59E-19,1.55E-19,1.51E-19,1.47E-19
9,0,3.71E-06,1.59E-06,3.72E-07,1.61E-07,1.13E-07,9.88E-08,9.50E-08,9.43E-08,9.48E-08,9.56E-08,9.64E-08,9.72E-08,9.78E-08,9.84E-08,9.90E-08,9.95E-08,9.99E-08,1.00E-07,1.01E-07,1.01E-07,1.01E-07
9,1,3.78E-05,1.63E-05,3.80E-06,1.64E-06,1.15E-06,1.01E-06,9.65E-07,9.57E-07,9.61E-07,9.68E-07,9.76E-07,9.83E-07,9.89E-07,9.95E-07,1.00E-06,1.00E-06,1.01E-06,1.01E-06,1.02E-06,1.02E-06,1.02E-06
9,2,1.93E-04,8.33E-05,1.95E-05,8.39E-06,5.85E-06,5.12E-06,4.91E-06,4.87E-06,4.88E-06,4.91E-06,4.95E-06,4.98E-06,5.01E-06,5.04E-06,5.06E-06,5.08E-06,5.10E-06,5.12E-06,5.13E-06,5.14E-06,5.15E-06
9,3,6.62E-04,2.85E-04,6.66E-05,2.87E-05,2.00E-05,1.74E-05,1.67E-05,1.65E-05,1.66E-05,1.67E-05,1.68E-05,1.69E-05,1.69E-05,1.70E-05,1.71E-05,1.72E-05,1.72E-05,1.73E-05,1.73E-05,1.74E-05,1.74E-05
9,4,0.001704999,7.35E-04,1.71E-04,7.38E-05,5.13E-05,4.47E-05,4.27E-05,4.22E-05,4.23E-05,4.24E-05,4.27E-05,4.29E-05,4.31E-05,4.32E-05,4.34E-05,4.35E-05,4.37E-05,4.37E-05,4.39E-05,4.40E-05,4.40E-05
9,5,0.003523416,0.001520313,3.55E-04,1.52E-04,1.06E-04,9.19E-05,8.77E-05,8.66E-05,8.65E-05,8.68E-05,8.71E-05,8.75E-05,8.78E-05,8.81E-05,8.84E-05,8.86E-05,8.88E-05,8.90E-05,8.91E-05,8.93E-05,8.94E-05
9,6,0.006103214,0.002633639,6.14E-04,2.63E-04,1.82E-04,1.58E-04,1.51E-04,1.48E-04,1.48E-04,1.48E-04,1.49E-04,1.49E-04,1.50E-04,1.50E-04,1.50E-04,1.51E-04,1.51E-04,1.51E-04,1.51E-04,1.51E-04,1.52E-04
9,7,0.009094852,0.003930592,9.16E-04,3.92E-04,2.70E-04,2.34E-04,2.23E-04,2.19E-04,2.18E-04,2.18E-04,2.18E-04,2.18E-04,2.19E-04,2.19E-04,2.20E-04,2.20E-04,2.20E-04,2.20E-04,2.21E-04,2.21E-04,2.21E-04
9,8,0.011917714,0.00516009,0.001200215,5.13E-04,3.53E-04,3.05E-04,2.89E-04,2.83E-04,2.82E-04,2.81E-04,2.81E-04,2.81E-04,2.81E-04,2.82E-04,2.82E-04,2.82E-04,2.82E-04,2.82E-04,2.82E-04,2.83E-04,2.82E-04
9,9,0.013966329,0.006051348,0.001406829,6.00E-04,4.11E-04,3.55E-04,3.35E-04,3.28E-04,3.25E-04,3.24E-04,3.24E-04,3.23E-04,3.23E-04,3.23E-04,3.23E-04,3.23E-04,3.23E-04,3.23E-04,3.22E-04,3.22E-04,3.22E-04
9,10,0.014817586,0.00642896,0.001493024,6.35E-04,4.34E-04,3.73E-04,3.52E-04,3.43E-04,3.40E-04,3.38E-04,3.37E-04,3.36E-04,3.35E-04,3.35E-04,3.34E-04,3.34E-04,3.33E-04,3.33E-04,3.33E-04,3.32E-04,3.32E-04
9,11,0.014385928,0.00624763,0.001449764,6.15E-04,4.19E-04,3.59E-04,3.37E-04,3.29E-04,3.24E-04,3.22E-04,3.20E-04,3.19E-04,3.18E-04,3.17E-04,3.16E-04,3.15E-04,3.14E-04,3.14E-04,3.13E-04,3.13E-04,3.12E-04
9,12,0.012885589,0.005601908,0.001298718,5.49E-04,3.73E-04,3.19E-04,2.99E-04,2.90E-04,2.85E-04,2.83E-04,2.81E-04,2.79E-04,2.77E-04,2.76E-04,2.75E-04,2.74E-04,2.73E-04,2.72E-04,2.71E-04,2.71E-04,2.70E-04
9,13,0.010732495,0.004668702,0.001081382,4.56E-04,3.09E-04,2.63E-04,2.46E-04,2.38E-04,2.33E-04,2.31E-04,2.28E-04,2.26E-04,2.25E-04,2.24E-04,2.22E-04,2.21E-04,2.20E-04,2.19E-04,2.19E-04,2.18E-04,2.17E-04
9,14,0.008355748,0.003640502,8.42E-04,3.54E-04,2.39E-04,2.03E-04,1.89E-04,1.82E-04,1.78E-04,1.76E-04,1.74E-04,1.72E-04,1.70E-04,1.69E-04,1.68E-04,1.67E-04,1.66E-04,1.65E-04,1.64E-04,1.64E-04,1.63E-04
9,15,0.006114244,0.00266788,6.17E-04,2.59E-04,1.74E-04,1.47E-04,1.36E-04,1.31E-04,1.28E-04,1.26E-04,1.24E-04,1.23E-04,1.21E-04,1.20E-04,1.19E-04,1.18E-04,1.17E-04,1.16E-04,1.16E-04,1.15E-04,1.15E-04
9,16,0.004229513,0.001845297,4.26E-04,1.78E-04,1.20E-04,1.01E-04,9.31E-05,8.93E-05,8.69E-05,8.52E-05,8.38E-05,8.25E-05,8.14E-05,8.05E-05,7.97E-05,7.89E-05,7.83E-05,7.76E-05,7.71E-05,7.67E-05,7.63E-05
9,17,0.002770536,0.001209568,2.79E-04,1.17E-04,7.79E-05,6.54E-05,6.03E-05,5.76E-05,5.59E-05,5.46E-05,5.35E-05,5.26E-05,5.18E-05,5.12E-05,5.05E-05,5.00E-05,4.95E-05,4.91E-05,4.87E-05,4.84E-05,4.80E-05
9,18,0.001725231,7.54E-04,1.74E-04,7.24E-05,4.83E-05,4.04E-05,3.71E-05,3.53E-05,3.42E-05,3.33E-05,3.26E-05,3.20E-05,3.14E-05,3.09E-05,3.05E-05,3.01E-05,2.98E-05,2.95E-05,2.92E-05,2.90E-05,2.88E-05
9,19,0.001024897,4.48E-04,1.03E-04,4.29E-05,2.85E-05,2.38E-05,2.18E-05,2.07E-05,2.00E-05,1.94E-05,1.89E-05,1.85E-05,1.82E-05,1.78E-05,1.76E-05,1.73E-05,1.71E-05,1.69E-05,1.67E-05,1.66E-05,1.64E-05
9,20,5.82E-04,2.54E-04,5.86E-05,2.43E-05,1.61E-05,1.34E-05,1.22E-05,1.16E-05,1.11E-05,1.08E-05,1.05E-05,1.03E-05,1.00E-05,9.86E-06,9.68E-06,9.53E-06,9.39E-06,9.27E-06,9.17E-06,9.08E-06,8.99E-06
9,21,3.16E-04,1.38E-04,3.18E-05,1.32E-05,8.72E-06,7.23E-06,6.58E-06,6.22E-06,5.97E-06,5.77E-06,5.61E-06,5.46E-06,5.33E-06,5.22E-06,5.12E-06,5.03E-06,4.95E-06,4.88E-06,4.82E-06,4.77E-06,4.72E-06
9,22,1.65E-04,7.22E-05,1.66E-05,6.86E-06,4.53E-06,3.75E-06,3.40E-06,3.21E-06,3.07E-06,2.96E-06,2.87E-06,2.79E-06,2.72E-06,2.66E-06,2.60E-06,2.55E-06,2.51E-06,2.47E-06,2.44E-06,2.41E-06,2.38E-06
9,23,8.28E-05,3.62E-05,8.32E-06,3.44E-06,2.26E-06,1.87E-06,1.69E-06,1.59E-06,1.52E-06,1.46E-06,1.41E-06,1.37E-06,1.34E-06,1.30E-06,1.27E-06,1.25E-06,1.23E-06,1.20E-06,1.19E-06,1.17E-06,1.16E-06
9,24,4.00E-05,1.75E-05,4.01E-06,1.66E-06,1.09E-06,8.98E-07,8.11E-07,7.61E-07,7.25E-07,6.97E-07,6.72E-07,6.51E-07,6.33E-07,6.16E-07,6.01E-07,5.88E-07,5.77E-07,5.66E-07,5.57E-07,5.49E-07,5.42E-07
9,25,1.86E-05,8.13E-06,1.87E-06,7.69E-07,5.05E-07,4.16E-07,3.75E-07,3.51E-07,3.34E-07,3.20E-07,3.08E-07,2.98E-07,2.89E-07,2.81E-07,2.74E-07,2.68E-07,2.62E-07,2.57E-07,2.53E-07,2.49E-07,2.46E-07
9,26,8.34E-06,3.65E-06,8.37E-07,3.45E-07,2.26E-07,1.86E-07,1.67E-07,1.56E-07,1.49E-07,1.42E-07,1.37E-07,1.32E-07,1.28E-07,1.24E-07,1.21E-07,1.18E-07,1.15E-07,1.13E-07,1.11E-07,1.09E-07,1.08E-07
9,27,3.62E-06,1.58E-06,3.63E-07,1.49E-07,9.79E-08,8.03E-08,7.22E-08,6.74E-08,6.39E-08,6.11E-08,5.87E-08,5.65E-08,5.47E-08,5.31E-08,5.16E-08,5.03E-08,4.91E-08,4.81E-08,4.72E-08,4.64E-08,4.57E-08
9,28,1.52E-06,6.64E-07,1.52E-07,6.26E-08,4.10E-08,3.36E-08,3.01E-08,2.81E-08,2.66E-08,2.54E-08,2.43E-08,2.34E-08,2.26E-08,2.20E-08,2.13E-08,2.08E-08,2.03E-08,1.98E-08,1.94E-08,1.91E-08,1.88E-08
9,29,6.16E-07,2.69E-07,6.17E-08,2.54E-08,1.66E-08,1.36E-08,1.22E-08,1.13E-08,1.07E-08,1.02E-08,9.80E-09,9.42E-09,9.09E-09,8.80E-09,8.54E-09,8.31E-09,8.11E-09,7.93E-09,7.77E-09,7.62E-09,7.49E-09
9,30,2.42E-07,1.06E-07,2.43E-08,9.97E-09,6.52E-09,5.32E-09,4.78E-09,4.44E-09,4.19E-09,3.99E-09,3.82E-09,3.67E-09,3.54E-09,3.42E-09,3.32E-09,3.23E-09,3.15E-09,3.07E-09,3.01E-09,2.95E-09,2.90E-09
9,31,9.22E-08,4.03E-08,9.24E-09,3.80E-09,2.48E-09,2.03E-09,1.82E-09,1.69E-09,1.59E-09,1.51E-09,1.45E-09,1.39E-09,1.34E-09,1.29E-09,1.25E-09,1.22E-09,1.19E-09,1.16E-09,1.13E-09,1.11E-09,1.09E-09
9,32,3.41E-08,1.49E-08,3.42E-09,1.40E-09,9.17E-10,7.48E-10,6.70E-10,6.22E-10,5.86E-10,5.58E-10,5.33E-10,5.11E-10,4.92E-10,4.75E-10,4.60E-10,4.46E-10,4.35E-10,4.24E-10,4.15E-10,4.07E-10,3.99E-10
9,33,1.23E-08,5.36E-09,1.23E-09,5.04E-10,3.29E-10,2.68E-10,2.40E-10,2.23E-10,2.10E-10,1.99E-10,1.90E-10,1.83E-10,1.76E-10,1.69E-10,1.64E-10,1.59E-10,1.55E-10,1.51E-10,1.48E-10,1.45E-10,1.42E-10
9,34,4.28E-09,1.87E-09,4.28E-10,1.76E-10,1.15E-10,9.36E-11,8.37E-11,7.76E-11,7.31E-11,6.94E-11,6.62E-11,6.34E-11,6.10E-11,5.88E-11,5.69E-11,5.52E-11,5.36E-11,5.23E-11,5.11E-11,5.01E-11,4.91E-11
9,35,1.45E-09,6.34E-10,1.45E-10,5.96E-11,3.89E-11,3.17E-11,2.84E-11,2.63E-11,2.47E-11,2.35E-11,2.24E-11,2.14E-11,2.06E-11,1.99E-11,1.92E-11,1.86E-11,1.81E-11,1.76E-11,1.72E-11,1.69E-11,1.65E-11
9,36,4.79E-10,2.09E-10,4.80E-11,1.97E-11,1.29E-11,1.05E-11,9.36E-12,8.67E-12,8.16E-12,7.74E-12,7.38E-12,7.06E-12,6.78E-12,6.53E-12,6.31E-12,6.12E-12,5.94E-12,5.79E-12,5.65E-12,5.53E-12,5.43E-12
9,37,1.54E-10,6.73E-11,1.54E-11,6.33E-12,4.13E-12,3.37E-12,3.01E-12,2.78E-12,2.62E-12,2.48E-12,2.37E-12,2.26E-12,2.17E-12,2.09E-12,2.02E-12,1.96E-12,1.90E-12,1.85E-12,1.81E-12,1.77E-12,1.74E-12
9,38,4.83E-11,2.11E-11,4.83E-12,1.98E-12,1.30E-12,1.06E-12,9.42E-13,8.72E-13,8.20E-13,7.77E-13,7.40E-13,7.08E-13,6.80E-13,6.54E-13,6.32E-13,6.12E-13,5.94E-13,5.78E-13,5.64E-13,5.52E-13,5.41E-13
9,39,1.48E-11,6.44E-12,1.47E-12,6.06E-13,3.96E-13,3.22E-13,2.88E-13,2.66E-13,2.50E-13,2.37E-13,2.26E-13,2.16E-13,2.07E-13,1.99E-13,1.93E-13,1.86E-13,1.81E-13,1.76E-13,1.72E-13,1.68E-13,1.65E-13
9,40,4.40E-12,1.92E-12,4.40E-13,1.81E-13,1.18E-13,9.61E-14,8.58E-14,7.94E-14,7.46E-14,7.06E-14,6.72E-14,6.42E-14,6.16E-14,5.93E-14,5.72E-14,5.54E-14,5.38E-14,5.24E-14,5.10E-14,4.99E-14,4.89E-14
9,41,1.28E-12,5.59E-13,1.28E-13,5.25E-14,3.43E-14,2.80E-14,2.50E-14,2.31E-14,2.17E-14,2.05E-14,1.95E-14,1.87E-14,1.79E-14,1.72E-14,1.66E-14,1.61E-14,1.56E-14,1.52E-14,1.48E-14,1.45E-14,1.42E-14
9,42,3.64E-13,1.59E-13,3.63E-14,1.50E-14,9.75E-15,7.95E-15,7.09E-15,6.56E-15,6.15E-15,5.83E-15,5.54E-15,5.30E-15,5.08E-15,4.88E-15,4.71E-15,4.56E-15,4.42E-15,4.31E-15,4.20E-15,4.10E-15,4.02E-15
9,43,1.01E-13,4.40E-14,1.01E-14,4.17E-15,2.71E-15,2.21E-15,1.97E-15,1.82E-15,1.71E-15,1.62E-15,1.54E-15,1.47E-15,1.41E-15,1.35E-15,1.31E-15,1.26E-15,1.23E-15,1.19E-15,1.16E-15,1.14E-15,1.11E-15
9,44,2.74E-14,1.19E-14,2.73E-15,1.12E-15,7.35E-16,5.99E-16,5.34E-16,4.94E-16,4.63E-16,4.39E-16,4.17E-16,3.98E-16,3.82E-16,3.67E-16,3.54E-16,3.43E-16,3.32E-16,3.23E-16,3.15E-16,3.08E-16,3.02E-16
9,45,7.28E-15,3.17E-15,7.26E-16,2.89E-16,1.95E-16,1.59E-16,1.42E-16,1.31E-16,1.23E-16,1.16E-16,1.11E-16,1.06E-16,1.01E-16,9.74E-17,9.39E-17,9.08E-17,8.81E-17,8.57E-17,8.35E-17,8.16E-17,7.99E-17
9,46,1.89E-15,8.23E-16,1.89E-16,7.86E-17,5.07E-17,4.13E-17,3.68E-17,3.40E-17,3.19E-17,3.02E-17,2.87E-17,2.74E-17,2.63E-17,2.53E-17,2.44E-17,2.36E-17,2.29E-17,2.22E-17,2.17E-17,2.12E-17,2.07E-17
9,47,4.81E-16,2.09E-16,4.80E-17,3.19E-17,1.29E-17,1.05E-17,9.36E-18,8.65E-18,8.13E-18,7.68E-18,7.31E-18,6.97E-18,6.68E-18,6.42E-18,6.19E-18,5.99E-18,5.81E-18,5.65E-18,5.50E-18,5.37E-18,5.26E-18
9,48,1.20E-16,5.21E-17,1.18E-17,5.33E-18,3.21E-18,2.60E-18,2.34E-18,2.16E-18,2.02E-18,1.91E-18,1.82E-18,1.74E-18,1.66E-18,1.60E-18,1.54E-18,1.49E-18,1.44E-18,1.40E-18,1.37E-18,1.34E-18,1.31E-18
9,49,2.92E-17,1.27E-17,2.92E-18,2.34E-18,7.83E-19,6.38E-19,5.59E-19,5.27E-19,4.92E-19,4.67E-19,4.43E-19,4.24E-19,4.05E-19,3.90E-19,3.75E-19,3.63E-19,3.52E-19,3.42E-19,3.33E-19,3.26E-19,3.19E-19
9,50,4.89E-18,2.12E-18,4.77E-19,2.84E-19,1.31E-19,1.05E-19,9.28E-20,8.64E-20,8.05E-20,7.57E-20,7.15E-20,6.79E-20,6.47E-20,6.19E-20,5.96E-20,5.72E-20,5.52E-20,5.35E-20,5.20E-20,5.06E-20,4.94E-20
10,0,3.70E-06,8.81E-07,1.47E-07,5.40E-08,3.54E-08,3.02E-08,2.88E-08,2.85E-08,2.85E-08,2.87E-08,2.90E-08,2.92E-08,2.94E-08,2.95E-08,2.97E-08,2.98E-08,2.99E-08,3.01E-08,3.01E-08,3.02E-08,3.03E-08
10,1,3.77E-05,9.00E-06,1.50E-06,5.51E-07,3.60E-07,3.07E-07,2.92E-07,2.89E-07,2.89E-07,2.91E-07,2.93E-07,2.95E-07,2.97E-07,2.99E-07,3.00E-07,3.01E-07,3.02E-07,3.03E-07,3.04E-07,3.05E-07,3.06E-07
10,2,1.93E-04,4.61E-05,7.66E-06,2.82E-06,1.84E-06,1.57E-06,1.49E-06,1.47E-06,1.47E-06,1.48E-06,1.49E-06,1.50E-06,1.50E-06,1.51E-06,1.52E-06,1.52E-06,1.53E-06,1.53E-06,1.54E-06,1.54E-06,1.54E-06
10,3,6.61E-04,1.58E-04,2.62E-05,9.64E-06,6.28E-06,5.34E-06,5.07E-06,4.99E-06,4.99E-06,5.01E-06,5.04E-06,5.07E-06,5.09E-06,5.11E-06,5.13E-06,5.15E-06,5.17E-06,5.18E-06,5.19E-06,5.20E-06,5.21E-06
10,4,0.001701705,4.07E-04,6.76E-05,2.48E-05,1.61E-05,1.37E-05,1.30E-05,1.28E-05,1.27E-05,1.28E-05,1.28E-05,1.29E-05,1.29E-05,1.30E-05,1.30E-05,1.31E-05,1.31E-05,1.31E-05,1.32E-05,1.32E-05,1.32E-05
10,5,0.003520184,8.43E-04,1.40E-04,5.13E-05,3.33E-05,2.82E-05,2.66E-05,2.62E-05,2.61E-05,2.61E-05,2.62E-05,2.63E-05,2.64E-05,2.65E-05,2.65E-05,2.66E-05,2.67E-05,2.67E-05,2.67E-05,2.68E-05,2.68E-05
10,6,0.006092288,0.00146053,2.42E-04,8.86E-05,5.73E-05,4.85E-05,4.57E-05,4.48E-05,4.46E-05,4.47E-05,4.48E-05,4.48E-05,4.50E-05,4.50E-05,4.51E-05,4.52E-05,4.53E-05,4.54E-05,4.54E-05,4.54E-05,4.55E-05
10,7,0.00908303,0.002179347,3.62E-04,1.32E-04,8.52E-05,7.19E-05,6.76E-05,6.62E-05,6.57E-05,6.57E-05,6.57E-05,6.58E-05,6.59E-05,6.60E-05,6.60E-05,6.61E-05,6.61E-05,6.62E-05,6.63E-05,6.63E-05,6.63E-05
10,8,0.011908517,0.002861323,4.74E-04,1.73E-04,1.11E-04,9.37E-05,8.78E-05,8.58E-05,8.51E-05,8.48E-05,8.48E-05,8.47E-05,8.47E-05,8.48E-05,8.48E-05,8.48E-05,8.48E-05,8.48E-05,8.48E-05,8.48E-05,8.48E-05
10,9,0.013961035,0.003357623,5.56E-04,2.02E-04,1.30E-04,1.09E-04,1.02E-04,9.93E-05,9.83E-05,9.78E-05,9.76E-05,9.75E-05,9.74E-05,9.72E-05,9.71E-05,9.71E-05,9.70E-05,9.69E-05,9.69E-05,9.68E-05,9.68E-05
10,10,0.014812661,0.003567246,5.91E-04,2.14E-04,1.37E-04,1.15E-04,1.07E-04,1.04E-04,1.03E-04,1.02E-04,1.02E-04,1.01E-04,1.01E-04,1.01E-04,1.01E-04,1.00E-04,1.00E-04,1.00E-04,1.00E-04,9.99E-05,9.97E-05
10,11,0.014389271,0.003467464,5.74E-04,2.07E-04,1.32E-04,1.10E-04,1.03E-04,9.96E-05,9.81E-05,9.72E-05,9.66E-05,9.61E-05,9.58E-05,9.54E-05,9.51E-05,9.48E-05,9.46E-05,9.43E-05,9.41E-05,9.40E-05,9.38E-05
10,12,0.012895558,0.003112078,5.14E-04,1.85E-04,1.18E-04,9.81E-05,9.09E-05,8.79E-05,8.64E-05,8.54E-05,8.47E-05,8.41E-05,8.36E-05,8.32E-05,8.28E-05,8.25E-05,8.22E-05,8.19E-05,8.17E-05,8.15E-05,8.13E-05
10,13,0.010742772,0.00259405,4.28E-04,1.54E-04,9.77E-05,8.10E-05,7.48E-05,7.21E-05,7.07E-05,6.97E-05,6.90E-05,6.84E-05,6.79E-05,6.74E-05,6.70E-05,6.67E-05,6.63E-05,6.60E-05,6.58E-05,6.55E-05,6.53E-05
10,14,0.008367602,0.00202291,3.33E-04,1.20E-04,7.56E-05,6.25E-05,5.76E-05,5.53E-05,5.41E-05,5.31E-05,5.25E-05,5.19E-05,5.14E-05,5.10E-05,5.06E-05,5.03E-05,5.00E-05,4.97E-05,4.94E-05,4.92E-05,4.90E-05
10,15,0.006127631,0.001482605,2.44E-04,8.74E-05,5.51E-05,4.53E-05,4.16E-05,3.99E-05,3.88E-05,3.81E-05,3.75E-05,3.70E-05,3.66E-05,3.62E-05,3.59E-05,3.56E-05,3.54E-05,3.51E-05,3.49E-05,3.47E-05,3.46E-05
10,16,0.004234473,0.001025599,1.69E-04,6.03E-05,3.79E-05,3.11E-05,2.84E-05,2.71E-05,2.63E-05,2.58E-05,2.53E-05,2.49E-05,2.46E-05,2.43E-05,2.41E-05,2.38E-05,2.36E-05,2.34E-05,2.33E-05,2.31E-05,2.30E-05
10,17,0.002774841,6.73E-04,1.11E-04,3.94E-05,2.47E-05,2.02E-05,1.84E-05,1.75E-05,1.70E-05,1.65E-05,1.62E-05,1.59E-05,1.57E-05,1.55E-05,1.53E-05,1.51E-05,1.49E-05,1.48E-05,1.47E-05,1.46E-05,1.45E-05
10,18,0.001728742,4.19E-04,6.89E-05,2.45E-05,1.53E-05,1.25E-05,1.13E-05,1.07E-05,1.04E-05,1.01E-05,9.87E-06,9.67E-06,9.50E-06,9.35E-06,9.21E-06,9.10E-06,8.99E-06,8.90E-06,8.82E-06,8.74E-06,8.68E-06
10,19,0.001026673,2.49E-04,4.09E-05,1.45E-05,9.03E-06,7.34E-06,6.65E-06,6.29E-06,6.06E-06,5.88E-06,5.73E-06,5.61E-06,5.50E-06,5.40E-06,5.31E-06,5.23E-06,5.16E-06,5.10E-06,5.05E-06,5.00E-06,4.96E-06
10,20,5.83E-04,1.41E-04,2.32E-05,8.22E-06,5.10E-06,4.13E-06,3.73E-06,3.52E-06,3.38E-06,3.28E-06,3.19E-06,3.11E-06,3.04E-06,2.98E-06,2.93E-06,2.88E-06,2.84E-06,2.80E-06,2.77E-06,2.74E-06,2.71E-06
10,21,3.17E-04,7.70E-05,1.26E-05,4.46E-06,2.76E-06,2.23E-06,2.01E-06,1.89E-06,1.81E-06,1.75E-06,1.70E-06,1.65E-06,1.61E-06,1.58E-06,1.55E-06,1.52E-06,1.50E-06,1.48E-06,1.46E-06,1.44E-06,1.42E-06
10,22,1.65E-04,4.02E-05,6.58E-06,2.32E-06,1.44E-06,1.16E-06,1.04E-06,9.75E-07,9.32E-07,8.99E-07,8.70E-07,8.46E-07,8.23E-07,8.05E-07,7.87E-07,7.72E-07,7.59E-07,7.47E-07,7.36E-07,7.27E-07,7.19E-07
10,23,8.30E-05,2.01E-05,3.30E-06,1.16E-06,7.17E-07,5.77E-07,5.17E-07,4.84E-07,4.62E-07,4.44E-07,4.29E-07,4.16E-07,4.05E-07,3.95E-07,3.85E-07,3.78E-07,3.71E-07,3.64E-07,3.59E-07,3.54E-07,3.49E-07
10,24,4.01E-05,9.72E-06,1.59E-06,5.60E-07,3.45E-07,2.77E-07,2.48E-07,2.32E-07,2.20E-07,2.11E-07,2.04E-07,1.97E-07,1.92E-07,1.86E-07,1.82E-07,1.78E-07,1.75E-07,1.71E-07,1.69E-07,1.66E-07,1.64E-07
10,25,1.86E-05,4.52E-06,7.40E-07,2.60E-07,1.60E-07,1.28E-07,1.14E-07,1.07E-07,1.01E-07,9.71E-08,9.35E-08,9.04E-08,8.76E-08,8.52E-08,8.30E-08,8.11E-08,7.94E-08,7.79E-08,7.65E-08,7.53E-08,7.43E-08
10,26,8.37E-06,2.03E-06,3.32E-07,1.17E-07,7.16E-08,5.73E-08,5.11E-08,4.76E-08,4.51E-08,4.31E-08,4.15E-08,4.00E-08,3.87E-08,3.76E-08,3.66E-08,3.57E-08,3.49E-08,3.42E-08,3.36E-08,3.30E-08,3.25E-08
10,27,3.63E-06,8.80E-07,1.44E-07,5.05E-08,3.10E-08,2.48E-08,2.20E-08,2.05E-08,1.94E-08,1.85E-08,1.78E-08,1.71E-08,1.66E-08,1.61E-08,1.56E-08,1.52E-08,1.49E-08,1.46E-08,1.43E-08,1.40E-08,1.38E-08
10,28,1.52E-06,3.69E-07,6.03E-08,2.12E-08,1.30E-08,1.03E-08,9.20E-09,8.54E-09,8.07E-09,7.70E-09,7.38E-09,7.11E-09,6.86E-09,6.64E-09,6.45E-09,6.28E-09,6.13E-09,6.00E-09,5.88E-09,5.77E-09,5.68E-09
10,29,6.17E-07,1.50E-07,2.44E-08,8.58E-09,5.25E-09,4.19E-09,3.72E-09,3.45E-09,3.25E-09,3.10E-09,2.97E-09,2.86E-09,2.76E-09,2.67E-09,2.59E-09,2.52E-09,2.45E-09,2.40E-09,2.35E-09,2.30E-09,2.27E-09
10,30,2.43E-07,5.88E-08,9.60E-09,3.37E-09,2.06E-09,1.64E-09,1.46E-09,1.35E-09,1.27E-09,1.21E-09,1.16E-09,1.11E-09,1.07E-09,1.04E-09,1.01E-09,9.77E-10,9.52E-10,9.30E-10,9.11E-10,8.93E-10,8.78E-10
10,31,9.25E-08,2.24E-08,3.66E-09,1.28E-09,7.85E-10,6.25E-10,5.54E-10,5.12E-10,4.83E-10,4.59E-10,4.39E-10,4.21E-10,4.06E-10,3.92E-10,3.79E-10,3.69E-10,3.59E-10,3.51E-10,3.43E-10,3.36E-10,3.30E-10
10,32,3.42E-08,8.29E-09,1.35E-09,4.74E-10,2.90E-10,2.31E-10,2.04E-10,1.89E-10,1.78E-10,1.69E-10,1.61E-10,1.55E-10,1.49E-10,1.44E-10,1.39E-10,1.35E-10,1.31E-10,1.28E-10,1.25E-10,1.23E-10,1.21E-10
10,33,1.23E-08,2.97E-09,4.86E-10,1.70E-10,1.04E-10,8.27E-11,7.32E-11,6.77E-11,6.37E-11,6.04E-11,5.77E-11,5.53E-11,5.31E-11,5.13E-11,4.96E-11,4.81E-11,4.68E-11,4.57E-11,4.46E-11,4.37E-11,4.29E-11
10,34,4.29E-09,1.04E-09,1.69E-10,5.94E-11,3.63E-11,2.89E-11,2.55E-11,2.36E-11,2.22E-11,2.10E-11,2.00E-11,1.92E-11,1.85E-11,1.78E-11,1.72E-11,1.67E-11,1.62E-11,1.58E-11,1.55E-11,1.51E-11,1.48E-11
10,35,1.46E-09,3.52E-10,5.75E-11,2.01E-11,1.23E-11,9.78E-12,8.65E-12,7.99E-12,7.50E-12,7.11E-12,6.78E-12,6.49E-12,6.24E-12,6.01E-12,5.81E-12,5.63E-12,5.47E-12,5.33E-12,5.21E-12,5.10E-12,5.00E-12
10,36,4.81E-10,1.16E-10,1.90E-11,6.65E-12,4.06E-12,3.23E-12,2.85E-12,2.63E-12,2.47E-12,2.34E-12,2.23E-12,2.14E-12,2.05E-12,1.98E-12,1.91E-12,1.85E-12,1.80E-12,1.75E-12,1.71E-12,1.67E-12,1.64E-12
10,37,1.55E-10,3.74E-11,6.10E-12,2.14E-12,1.31E-12,1.04E-12,9.17E-13,8.46E-13,7.94E-13,7.52E-13,7.16E-13,6.85E-13,6.58E-13,6.33E-13,6.11E-13,5.92E-13,5.76E-13,5.60E-13,5.47E-13,5.35E-13,5.25E-13
10,38,4.84E-11,1.17E-11,1.91E-12,6.70E-13,4.09E-13,3.25E-13,2.87E-13,2.65E-13,2.49E-13,2.35E-13,2.24E-13,2.14E-13,2.06E-13,1.98E-13,1.91E-13,1.85E-13,1.80E-13,1.75E-13,1.71E-13,1.67E-13,1.64E-13
10,39,1.48E-11,3.57E-12,5.84E-13,2.05E-13,1.25E-13,9.93E-14,8.77E-14,8.08E-14,7.58E-14,7.18E-14,6.83E-14,6.53E-14,6.27E-14,6.03E-14,5.82E-14,5.63E-14,5.47E-14,5.32E-14,5.20E-14,5.08E-14,4.98E-14
10,40,4.41E-12,1.07E-12,1.74E-13,6.09E-14,3.73E-14,2.96E-14,2.61E-14,2.41E-14,2.26E-14,2.14E-14,2.03E-14,1.94E-14,1.86E-14,1.79E-14,1.73E-14,1.67E-14,1.63E-14,1.58E-14,1.54E-14,1.51E-14,1.48E-14
10,41,1.28E-12,3.10E-13,5.06E-14,1.77E-14,1.08E-14,8.60E-15,7.60E-15,7.00E-15,6.57E-15,6.22E-15,5.91E-15,5.65E-15,5.41E-15,5.21E-15,5.02E-15,4.86E-15,4.72E-15,4.59E-15,4.48E-15,4.37E-15,4.29E-15
10,42,3.65E-13,8.80E-14,1.44E-14,5.02E-15,3.08E-15,2.44E-15,2.16E-15,1.99E-15,1.86E-15,1.76E-15,1.68E-15,1.60E-15,1.54E-15,1.48E-15,1.42E-15,1.38E-15,1.34E-15,1.30E-15,1.27E-15,1.24E-15,1.21E-15
10,43,1.01E-13,2.44E-14,3.98E-15,1.37E-15,8.55E-16,6.78E-16,5.99E-16,5.52E-16,5.18E-16,4.89E-16,4.65E-16,4.44E-16,4.26E-16,4.09E-16,3.95E-16,3.82E-16,3.71E-16,3.60E-16,3.51E-16,3.44E-16,3.36E-16
10,44,2.75E-14,6.63E-15,1.08E-15,3.71E-16,2.32E-16,1.84E-16,1.63E-16,1.50E-16,1.40E-16,1.33E-16,1.26E-16,1.20E-16,1.15E-16,1.11E-16,1.07E-16,1.04E-16,1.00E-16,9.76E-17,9.52E-17,9.30E-17,9.11E-17
10,45,7.29E-15,1.76E-15,2.88E-16,8.13E-17,6.16E-17,4.89E-17,4.32E-17,3.98E-17,3.73E-17,3.52E-17,3.35E-17,3.19E-17,3.06E-17,2.94E-17,2.84E-17,2.74E-17,2.66E-17,2.59E-17,2.52E-17,2.46E-17,2.41E-17
10,46,1.89E-15,4.57E-16,7.52E-17,2.67E-17,1.60E-17,1.26E-17,1.12E-17,1.03E-17,9.68E-18,9.14E-18,8.69E-18,8.29E-18,7.94E-18,7.64E-18,7.37E-18,7.12E-18,6.90E-18,6.71E-18,6.54E-18,6.39E-18,6.26E-18
10,47,4.82E-16,1.16E-16,1.92E-17,2.84E-18,4.07E-18,3.17E-18,2.85E-18,2.64E-18,2.46E-18,2.33E-18,2.21E-18,2.11E-18,2.02E-18,1.94E-18,1.87E-18,1.81E-18,1.75E-18,1.70E-18,1.66E-18,1.62E-18,1.59E-18
10,48,1.20E-16,2.89E-17,4.67E-18,2.26E-20,1.01E-18,7.90E-19,7.26E-19,6.56E-19,6.12E-19,5.79E-19,5.50E-19,5.25E-19,5.02E-19,4.83E-19,4.65E-19,4.50E-19,4.36E-19,4.24E-19,4.13E-19,4.04E-19,3.95E-19
10,49,2.93E-17,7.04E-18,1.23E-18,8.81E-20,2.47E-19,2.09E-19,1.64E-19,1.61E-19,1.50E-19,1.41E-19,1.34E-19,1.28E-19,1.22E-19,1.18E-19,1.15E-19,1.09E-19,1.06E-19,1.03E-19,1.01E-19,9.83E-20,9.62E-20
10,50,4.90E-18,1.18E-18,1.92E-19,-1.80E-19,4.12E-20,3.45E-20,2.93E-20,2.61E-20,2.43E-20,2.31E-20,2.16E-20,2.05E-20,1.95E-20,1.87E-20,1.77E-20,1.73E-20,1.67E-20,1.62E-20,1.57E-20,1.53E-20,1.49E-20
11,0,3.35E-06,4.42E-07,5.25E-08,1.65E-08,1.01E-08,8.41E-09,7.92E-09,7.80E-09,7.81E-09,7.86E-09,7.91E-09,7.96E-09,8.01E-09,8.06E-09,8.09E-09,8.13E-09,8.16E-09,8.19E-09,8.21E-09,8.23E-09,8.25E-09
11,1,3.42E-05,4.51E-06,5.36E-07,1.68E-07,1.03E-07,8.56E-08,8.05E-08,7.92E-08,7.92E-08,7.96E-08,8.01E-08,8.06E-08,8.11E-08,8.15E-08,8.18E-08,8.22E-08,8.24E-08,8.27E-08,8.29E-08,8.31E-08,8.33E-08
11,2,1.75E-04,2.31E-05,2.74E-06,8.61E-07,5.26E-07,4.36E-07,4.10E-07,4.03E-07,4.03E-07,4.04E-07,4.06E-07,4.09E-07,4.11E-07,4.13E-07,4.14E-07,4.16E-07,4.17E-07,4.18E-07,4.19E-07,4.20E-07,4.21E-07
11,3,5.99E-04,7.92E-05,9.40E-06,2.94E-06,1.80E-06,1.49E-06,1.40E-06,1.37E-06,1.37E-06,1.37E-06,1.38E-06,1.38E-06,1.39E-06,1.40E-06,1.40E-06,1.40E-06,1.41E-06,1.41E-06,1.41E-06,1.42E-06,1.42E-06
11,4,0.00154427,2.04E-04,2.42E-05,7.58E-06,4.61E-06,3.82E-06,3.58E-06,3.50E-06,3.49E-06,3.50E-06,3.51E-06,3.52E-06,3.54E-06,3.55E-06,3.56E-06,3.57E-06,3.58E-06,3.58E-06,3.59E-06,3.59E-06,3.60E-06
11,5,0.003194656,4.23E-04,5.02E-05,1.57E-05,9.51E-06,7.86E-06,7.34E-06,7.19E-06,7.15E-06,7.16E-06,7.17E-06,7.19E-06,7.21E-06,7.23E-06,7.25E-06,7.26E-06,7.27E-06,7.28E-06,7.30E-06,7.30E-06,7.31E-06
11,6,0.005532216,7.33E-04,8.69E-05,2.71E-05,1.64E-05,1.35E-05,1.26E-05,1.23E-05,1.22E-05,1.22E-05,1.22E-05,1.23E-05,1.23E-05,1.23E-05,1.23E-05,1.23E-05,1.24E-05,1.24E-05,1.24E-05,1.24E-05,1.24E-05
11,7,0.008247362,0.001094681,1.30E-04,4.04E-05,2.44E-05,2.01E-05,1.87E-05,1.82E-05,1.80E-05,1.80E-05,1.80E-05,1.80E-05,1.80E-05,1.80E-05,1.81E-05,1.81E-05,1.81E-05,1.81E-05,1.81E-05,1.81E-05,1.81E-05
11,8,0.010817576,0.001437579,1.70E-04,5.29E-05,3.19E-05,2.61E-05,2.43E-05,2.36E-05,2.34E-05,2.33E-05,2.32E-05,2.32E-05,2.32E-05,2.32E-05,2.32E-05,2.32E-05,2.32E-05,2.32E-05,2.32E-05,2.32E-05,2.31E-05
11,9,0.012688085,0.001687561,2.00E-04,6.19E-05,3.72E-05,3.04E-05,2.82E-05,2.73E-05,2.70E-05,2.68E-05,2.68E-05,2.67E-05,2.66E-05,2.66E-05,2.66E-05,2.65E-05,2.65E-05,2.65E-05,2.65E-05,2.64E-05,2.64E-05
11,10,0.013464076,0.001793611,2.12E-04,6.56E-05,3.93E-05,3.21E-05,2.96E-05,2.86E-05,2.82E-05,2.80E-05,2.78E-05,2.78E-05,2.77E-05,2.76E-05,2.75E-05,2.74E-05,2.74E-05,2.74E-05,2.73E-05,2.73E-05,2.73E-05
11,11,0.013084228,0.00174369,2.06E-04,6.36E-05,3.80E-05,3.09E-05,2.84E-05,2.74E-05,2.70E-05,2.67E-05,2.65E-05,2.64E-05,2.62E-05,2.61E-05,2.60E-05,2.60E-05,2.59E-05,2.58E-05,2.57E-05,2.57E-05,2.56E-05
11,12,0.011729118,0.001564755,1.85E-04,5.69E-05,3.39E-05,2.74E-05,2.52E-05,2.42E-05,2.38E-05,2.35E-05,2.33E-05,2.31E-05,2.29E-05,2.28E-05,2.27E-05,2.26E-05,2.25E-05,2.24E-05,2.23E-05,2.23E-05,2.22E-05
11,13,0.009770671,0.00130533,1.54E-04,4.73E-05,2.81E-05,2.27E-05,2.07E-05,1.99E-05,1.95E-05,1.92E-05,1.89E-05,1.88E-05,1.86E-05,1.85E-05,1.84E-05,1.83E-05,1.82E-05,1.81E-05,1.80E-05,1.79E-05,1.79E-05
11,14,0.007612926,0.001017547,1.20E-04,3.67E-05,2.17E-05,1.75E-05,1.60E-05,1.53E-05,1.49E-05,1.46E-05,1.44E-05,1.43E-05,1.41E-05,1.40E-05,1.39E-05,1.38E-05,1.37E-05,1.36E-05,1.35E-05,1.35E-05,1.34E-05
11,15,0.005575734,7.46E-04,8.78E-05,2.69E-05,1.58E-05,1.27E-05,1.15E-05,1.10E-05,1.07E-05,1.05E-05,1.03E-05,1.02E-05,1.01E-05,9.95E-06,9.85E-06,9.76E-06,9.69E-06,9.62E-06,9.56E-06,9.51E-06,9.46E-06
11,16,0.003856455,5.16E-04,6.07E-05,1.85E-05,1.09E-05,8.70E-06,7.88E-06,7.49E-06,7.26E-06,7.10E-06,6.97E-06,6.85E-06,6.76E-06,6.67E-06,6.60E-06,6.53E-06,6.48E-06,6.42E-06,6.38E-06,6.33E-06,6.30E-06
11,17,0.002526884,3.38E-04,3.98E-05,1.21E-05,7.10E-06,5.65E-06,5.10E-06,4.84E-06,4.67E-06,4.56E-06,4.46E-06,4.38E-06,4.31E-06,4.25E-06,4.19E-06,4.14E-06,4.10E-06,4.06E-06,4.03E-06,4.00E-06,3.97E-06
11,18,0.001574471,2.11E-04,2.48E-05,7.53E-06,4.40E-06,3.49E-06,3.14E-06,2.97E-06,2.86E-06,2.78E-06,2.72E-06,2.66E-06,2.61E-06,2.57E-06,2.53E-06,2.50E-06,2.47E-06,2.44E-06,2.42E-06,2.40E-06,2.38E-06
11,19,9.35E-04,1.25E-04,1.47E-05,4.46E-06,2.60E-06,2.06E-06,1.85E-06,1.74E-06,1.67E-06,1.62E-06,1.58E-06,1.54E-06,1.51E-06,1.48E-06,1.46E-06,1.44E-06,1.42E-06,1.40E-06,1.39E-06,1.37E-06,1.36E-06
11,20,5.31E-04,7.12E-05,8.35E-06,2.53E-06,1.47E-06,1.16E-06,1.04E-06,9.74E-07,9.34E-07,9.03E-07,8.78E-07,8.56E-07,8.37E-07,8.20E-07,8.05E-07,7.92E-07,7.80E-07,7.69E-07,7.60E-07,7.52E-07,7.45E-07
11,21,2.89E-04,3.87E-05,4.54E-06,1.37E-06,7.95E-07,6.26E-07,5.58E-07,5.23E-07,5.00E-07,4.82E-07,4.68E-07,4.55E-07,4.44E-07,4.34E-07,4.26E-07,4.18E-07,4.12E-07,4.06E-07,4.00E-07,3.95E-07,3.91E-07
11,22,1.51E-04,2.02E-05,2.37E-06,7.14E-07,4.13E-07,3.25E-07,2.89E-07,2.70E-07,2.57E-07,2.48E-07,2.40E-07,2.33E-07,2.27E-07,2.21E-07,2.17E-07,2.12E-07,2.09E-07,2.05E-07,2.02E-07,2.00E-07,1.97E-07
11,23,7.56E-05,1.01E-05,1.19E-06,3.58E-07,2.06E-07,1.62E-07,1.44E-07,1.34E-07,1.27E-07,1.22E-07,1.18E-07,1.15E-07,1.11E-07,1.09E-07,1.06E-07,1.04E-07,1.02E-07,1.00E-07,9.86E-08,9.72E-08,9.60E-08
11,24,3.65E-05,4.89E-06,5.73E-07,1.72E-07,9.93E-08,7.77E-08,6.88E-08,6.40E-08,6.08E-08,5.83E-08,5.62E-08,5.44E-08,5.28E-08,5.13E-08,5.01E-08,4.90E-08,4.80E-08,4.71E-08,4.63E-08,4.57E-08,4.50E-08
11,25,1.70E-05,2.27E-06,2.66E-07,8.00E-08,4.60E-08,3.59E-08,3.18E-08,2.95E-08,2.80E-08,2.68E-08,2.58E-08,2.49E-08,2.41E-08,2.34E-08,2.28E-08,2.23E-08,2.18E-08,2.14E-08,2.10E-08,2.07E-08,2.04E-08
11,26,7.62E-06,1.02E-06,1.19E-07,3.58E-08,2.06E-08,1.61E-08,1.42E-08,1.32E-08,1.25E-08,1.19E-08,1.14E-08,1.10E-08,1.07E-08,1.04E-08,1.01E-08,9.82E-09,9.60E-09,9.41E-09,9.24E-09,9.08E-09,8.95E-09
11,27,3.31E-06,4.43E-07,5.17E-08,1.55E-08,8.92E-09,6.94E-09,6.12E-09,5.67E-09,5.35E-09,5.11E-09,4.90E-09,4.72E-09,4.56E-09,4.42E-09,4.30E-09,4.19E-09,4.09E-09,4.00E-09,3.93E-09,3.86E-09,3.80E-09
11,28,1.39E-06,1.85E-07,2.17E-08,6.50E-09,3.73E-09,2.90E-09,2.55E-09,2.36E-09,2.23E-09,2.12E-09,2.03E-09,1.96E-09,1.89E-09,1.83E-09,1.78E-09,1.73E-09,1.69E-09,1.65E-09,1.62E-09,1.59E-09,1.56E-09
11,29,5.63E-07,7.52E-08,8.79E-09,2.64E-09,1.51E-09,1.17E-09,1.03E-09,9.53E-10,8.98E-10,8.55E-10,8.18E-10,7.87E-10,7.58E-10,7.34E-10,7.12E-10,6.92E-10,6.75E-10,6.60E-10,6.46E-10,6.34E-10,6.23E-10
11,30,2.21E-07,2.95E-08,3.45E-09,1.04E-09,5.93E-10,4.60E-10,4.04E-10,3.73E-10,3.51E-10,3.34E-10,3.19E-10,3.06E-10,2.95E-10,2.85E-10,2.77E-10,2.69E-10,2.62E-10,2.56E-10,2.50E-10,2.46E-10,2.41E-10
11,31,8.43E-08,1.13E-08,1.32E-09,3.94E-10,2.26E-10,1.75E-10,1.54E-10,1.42E-10,1.33E-10,1.27E-10,1.21E-10,1.16E-10,1.12E-10,1.08E-10,1.04E-10,1.01E-10,9.87E-11,9.64E-11,9.43E-11,9.24E-11,9.07E-11
11,32,3.12E-08,4.16E-09,4.86E-10,1.46E-10,8.33E-11,6.46E-11,5.67E-11,5.22E-11,4.91E-11,4.66E-11,4.45E-11,4.26E-11,4.10E-11,3.96E-11,3.83E-11,3.72E-11,3.62E-11,3.53E-11,3.45E-11,3.38E-11,3.32E-11
11,33,1.12E-08,1.49E-09,1.74E-10,5.23E-11,2.99E-11,2.32E-11,2.03E-11,1.87E-11,1.76E-11,1.67E-11,1.59E-11,1.52E-11,1.46E-11,1.41E-11,1.36E-11,1.32E-11,1.29E-11,1.26E-11,1.23E-11,1.20E-11,1.18E-11
11,34,3.91E-09,5.21E-10,6.09E-11,1.82E-11,1.04E-11,8.08E-12,7.08E-12,6.51E-12,6.11E-12,5.79E-12,5.52E-12,5.29E-12,5.08E-12,4.90E-12,4.73E-12,4.59E-12,4.46E-12,4.35E-12,4.25E-12,4.16E-12,4.08E-12
11,35,1.33E-09,1.77E-10,2.06E-11,6.18E-12,3.53E-12,2.74E-12,2.40E-12,2.21E-12,2.07E-12,1.96E-12,1.87E-12,1.79E-12,1.72E-12,1.65E-12,1.60E-12,1.55E-12,1.50E-12,1.47E-12,1.43E-12,1.40E-12,1.37E-12
11,36,4.38E-10,5.83E-11,6.81E-12,2.04E-12,1.17E-12,9.03E-13,7.91E-13,7.27E-13,6.82E-13,6.45E-13,6.15E-13,5.88E-13,5.65E-13,5.44E-13,5.25E-13,5.08E-13,4.94E-13,4.81E-13,4.70E-13,4.60E-13,4.51E-13
11,37,1.41E-10,1.88E-11,2.19E-12,6.56E-13,3.75E-13,2.90E-13,2.54E-13,2.33E-13,2.19E-13,2.07E-13,1.97E-13,1.89E-13,1.81E-13,1.74E-13,1.68E-13,1.63E-13,1.58E-13,1.54E-13,1.50E-13,1.47E-13,1.44E-13
11,38,4.41E-11,5.88E-12,6.86E-13,2.05E-13,1.17E-13,9.09E-14,7.96E-14,7.31E-14,6.85E-14,6.48E-14,6.17E-14,5.89E-14,5.65E-14,5.44E-14,5.25E-14,5.09E-14,4.94E-14,4.81E-14,4.69E-14,4.59E-14,4.49E-14
11,39,1.35E-11,1.79E-12,2.09E-13,6.27E-14,3.59E-14,2.78E-14,2.43E-14,2.23E-14,2.09E-14,1.98E-14,1.88E-14,1.80E-14,1.72E-14,1.66E-14,1.60E-14,1.55E-14,1.50E-14,1.46E-14,1.43E-14,1.40E-14,1.37E-14
11,40,4.02E-12,5.34E-13,6.24E-14,1.87E-14,1.07E-14,8.27E-15,7.24E-15,6.64E-15,6.22E-15,5.88E-15,5.60E-15,5.34E-15,5.12E-15,4.93E-15,4.75E-15,4.60E-15,4.46E-15,4.35E-15,4.24E-15,4.14E-15,4.06E-15
11,41,1.17E-12,1.55E-13,1.81E-14,5.45E-15,3.11E-15,2.41E-15,2.10E-15,1.93E-15,1.81E-15,1.71E-15,1.63E-15,1.55E-15,1.49E-15,1.43E-15,1.38E-15,1.34E-15,1.30E-15,1.26E-15,1.23E-15,1.20E-15,1.18E-15
11,42,3.32E-13,4.42E-14,5.15E-15,1.55E-15,8.83E-16,6.83E-16,5.97E-16,5.48E-16,5.14E-16,4.85E-16,4.61E-16,4.40E-16,4.22E-16,4.06E-16,3.91E-16,3.79E-16,3.67E-16,3.57E-16,3.48E-16,3.40E-16,3.33E-16
11,43,9.22E-14,1.23E-14,1.43E-15,4.41E-16,2.45E-16,1.90E-16,1.66E-16,1.52E-16,1.42E-16,1.35E-16,1.28E-16,1.22E-16,1.17E-16,1.12E-16,1.08E-16,1.05E-16,1.02E-16,9.90E-17,9.65E-17,9.43E-17,9.23E-17
11,44,2.50E-14,3.32E-15,3.89E-16,1.01E-16,6.65E-17,5.15E-17,4.52E-17,4.13E-17,3.87E-17,3.65E-17,3.47E-17,3.31E-17,3.17E-17,3.05E-17,2.94E-17,2.84E-17,2.76E-17,2.68E-17,2.61E-17,2.55E-17,2.50E-17
11,45,6.64E-15,8.82E-16,1.03E-16,4.33E-18,1.77E-17,1.35E-17,1.18E-17,1.10E-17,1.03E-17,9.70E-18,9.20E-18,8.78E-18,8.41E-18,8.08E-18,7.81E-18,7.54E-18,7.31E-18,7.10E-18,6.92E-18,6.76E-18,6.62E-18
11,46,1.73E-15,2.29E-16,2.66E-17,1.55E-17,4.59E-18,3.57E-18,3.09E-18,2.84E-18,2.67E-18,2.52E-18,2.39E-18,2.28E-18,2.18E-18,2.10E-18,2.01E-18,1.95E-18,1.90E-18,1.84E-18,1.80E-18,1.75E-18,1.72E-18
11,47,4.39E-16,5.82E-17,6.72E-18,9.45E-18,1.17E-18,7.52E-19,8.05E-19,7.06E-19,6.81E-19,6.39E-19,6.07E-19,5.79E-19,5.54E-19,5.33E-19,5.14E-19,4.96E-19,4.81E-19,4.68E-19,4.56E-19,4.45E-19,4.36E-19
11,48,1.09E-16,1.45E-17,1.64E-18,-2.33E-18,2.90E-19,2.10E-19,1.78E-19,1.82E-19,1.69E-19,1.60E-19,1.51E-19,1.44E-19,1.38E-19,1.33E-19,1.29E-19,1.24E-19,1.20E-19,1.16E-19,1.13E-19,1.11E-19,1.08E-19
11,49,2.66E-17,3.53E-18,3.97E-19,9.99E-19,7.08E-20,5.84E-20,4.95E-20,3.76E-20,4.12E-20,3.85E-20,3.68E-20,3.51E-20,3.36E-20,3.23E-20,3.10E-20,3.01E-20,2.92E-20,2.83E-20,2.76E-20,2.70E-20,2.64E-20
11,50,4.46E-18,5.90E-19,6.02E-20,1.84E-19,1.18E-20,9.46E-21,9.52E-21,7.37E-21,6.51E-21,6.20E-21,5.97E-21,5.64E-21,5.37E-21,5.13E-21,4.95E-21,4.74E-21,4.58E-21,4.43E-21,4.30E-21,4.19E-21,4.09E-21
12,0,2.78E-06,2.02E-07,1.72E-08,4.61E-09,2.64E-09,2.15E-09,2.00E-09,1.96E-09,1.96E-09,1.97E-09,1.98E-09,1.99E-09,2.00E-09,2.01E-09,2.02E-09,2.03E-09,2.04E-09,2.04E-09,2.05E-09,2.05E-09,2.06E-09
12,1,2.84E-05,2.07E-06,1.75E-07,4.71E-08,2.69E-08,2.18E-08,2.03E-08,1.99E-08,1.99E-08,2.00E-08,2.01E-08,2.02E-08,2.03E-08,2.04E-08,2.05E-08,2.05E-08,2.06E-08,2.07E-08,2.07E-08,2.07E-08,2.08E-08
12,2,1.46E-04,1.06E-05,8.99E-07,2.41E-07,1.38E-07,1.11E-07,1.04E-07,1.01E-07,1.01E-07,1.01E-07,1.02E-07,1.02E-07,1.03E-07,1.03E-07,1.04E-07,1.04E-07,1.04E-07,1.04E-07,1.05E-07,1.05E-07,1.05E-07
12,3,4.98E-04,3.63E-05,3.08E-06,8.24E-07,4.70E-07,3.80E-07,3.53E-07,3.45E-07,3.43E-07,3.44E-07,3.45E-07,3.47E-07,3.48E-07,3.49E-07,3.50E-07,3.51E-07,3.52E-07,3.53E-07,3.53E-07,3.54E-07,3.55E-07
12,4,0.00128455,9.35E-05,7.94E-06,2.12E-06,1.21E-06,9.75E-07,9.03E-07,8.82E-07,8.77E-07,8.78E-07,8.80E-07,8.83E-07,8.85E-07,8.88E-07,8.90E-07,8.92E-07,8.94E-07,8.95E-07,8.97E-07,8.98E-07,8.99E-07
12,5,0.002658446,1.94E-04,1.65E-05,4.39E-06,2.49E-06,2.01E-06,1.86E-06,1.81E-06,1.80E-06,1.80E-06,1.80E-06,1.80E-06,1.81E-06,1.81E-06,1.81E-06,1.82E-06,1.82E-06,1.82E-06,1.82E-06,1.83E-06,1.83E-06
12,6,0.004604322,3.36E-04,2.85E-05,7.60E-06,4.31E-06,3.46E-06,3.19E-06,3.10E-06,3.08E-06,3.07E-06,3.07E-06,3.08E-06,3.08E-06,3.08E-06,3.09E-06,3.09E-06,3.09E-06,3.10E-06,3.10E-06,3.10E-06,3.10E-06
12,7,0.006865533,5.01E-04,4.26E-05,1.13E-05,6.40E-06,5.13E-06,4.72E-06,4.59E-06,4.54E-06,4.52E-06,4.52E-06,4.52E-06,4.52E-06,4.52E-06,4.52E-06,4.52E-06,4.52E-06,4.52E-06,4.52E-06,4.52E-06,4.52E-06
12,8,0.009007475,6.58E-04,5.59E-05,1.48E-05,8.37E-06,6.69E-06,6.15E-06,5.95E-06,5.88E-06,5.85E-06,5.83E-06,5.82E-06,5.82E-06,5.81E-06,5.81E-06,5.81E-06,5.80E-06,5.80E-06,5.80E-06,5.79E-06,5.79E-06
12,9,0.010568773,7.73E-04,6.56E-05,1.74E-05,9.78E-06,7.79E-06,7.13E-06,6.89E-06,6.79E-06,6.75E-06,6.72E-06,6.70E-06,6.69E-06,6.67E-06,6.66E-06,6.65E-06,6.64E-06,6.63E-06,6.63E-06,6.62E-06,6.61E-06
12,10,0.011222168,8.21E-04,6.97E-05,1.84E-05,1.03E-05,8.21E-06,7.50E-06,7.23E-06,7.11E-06,7.04E-06,7.01E-06,6.97E-06,6.94E-06,6.92E-06,6.90E-06,6.88E-06,6.87E-06,6.85E-06,6.84E-06,6.83E-06,6.82E-06
12,11,0.010904381,7.99E-04,6.77E-05,1.79E-05,1.00E-05,7.91E-06,7.21E-06,6.93E-06,6.80E-06,6.72E-06,6.66E-06,6.62E-06,6.59E-06,6.56E-06,6.53E-06,6.51E-06,6.48E-06,6.47E-06,6.45E-06,6.44E-06,6.42E-06
12,12,0.009776728,7.17E-04,6.07E-05,1.60E-05,8.91E-06,7.04E-06,6.39E-06,6.12E-06,5.99E-06,5.91E-06,5.85E-06,5.80E-06,5.76E-06,5.73E-06,5.70E-06,5.67E-06,5.65E-06,5.62E-06,5.60E-06,5.59E-06,5.57E-06
12,13,0.00814796,5.98E-04,5.07E-05,1.33E-05,7.39E-06,5.81E-06,5.26E-06,5.03E-06,4.90E-06,4.83E-06,4.77E-06,4.72E-06,4.68E-06,4.64E-06,4.61E-06,4.58E-06,4.56E-06,4.53E-06,4.51E-06,4.50E-06,4.48E-06
12,14,0.006349362,4.66E-04,3.95E-05,1.03E-05,5.73E-06,4.49E-06,4.05E-06,3.86E-06,3.76E-06,3.69E-06,3.63E-06,3.59E-06,3.55E-06,3.52E-06,3.49E-06,3.46E-06,3.44E-06,3.42E-06,3.40E-06,3.38E-06,3.37E-06
12,15,0.004652439,3.42E-04,2.89E-05,7.56E-06,4.17E-06,3.26E-06,2.93E-06,2.78E-06,2.70E-06,2.64E-06,2.60E-06,2.56E-06,2.53E-06,2.50E-06,2.48E-06,2.45E-06,2.43E-06,2.42E-06,2.40E-06,2.39E-06,2.37E-06
12,16,0.003218013,2.36E-04,2.00E-05,5.22E-06,2.87E-06,2.23E-06,2.00E-06,1.90E-06,1.83E-06,1.79E-06,1.76E-06,1.73E-06,1.70E-06,1.68E-06,1.66E-06,1.64E-06,1.63E-06,1.61E-06,1.60E-06,1.59E-06,1.58E-06
12,17,0.002109319,1.55E-04,1.31E-05,3.41E-06,1.87E-06,1.45E-06,1.30E-06,1.22E-06,1.18E-06,1.15E-06,1.12E-06,1.10E-06,1.09E-06,1.07E-06,1.05E-06,1.04E-06,1.03E-06,1.02E-06,1.01E-06,1.00E-06,9.97E-07
12,18,0.001314519,9.66E-05,8.17E-06,2.12E-06,1.16E-06,8.97E-07,7.99E-07,7.52E-07,7.23E-07,7.02E-07,6.85E-07,6.71E-07,6.58E-07,6.47E-07,6.37E-07,6.29E-07,6.21E-07,6.14E-07,6.08E-07,6.03E-07,5.98E-07
12,19,7.81E-04,5.74E-05,4.85E-06,1.26E-06,6.85E-07,5.29E-07,4.69E-07,4.40E-07,4.22E-07,4.09E-07,3.98E-07,3.89E-07,3.81E-07,3.74E-07,3.68E-07,3.62E-07,3.57E-07,3.53E-07,3.49E-07,3.45E-07,3.42E-07
12,20,4.44E-04,3.26E-05,2.75E-06,7.12E-07,3.87E-07,2.98E-07,2.64E-07,2.47E-07,2.36E-07,2.28E-07,2.22E-07,2.16E-07,2.11E-07,2.07E-07,2.03E-07,1.99E-07,1.96E-07,1.94E-07,1.91E-07,1.89E-07,1.87E-07
12,21,2.41E-04,1.77E-05,1.50E-06,3.86E-07,2.10E-07,1.61E-07,1.42E-07,1.33E-07,1.27E-07,1.22E-07,1.18E-07,1.15E-07,1.12E-07,1.10E-07,1.07E-07,1.05E-07,1.04E-07,1.02E-07,1.01E-07,9.95E-08,9.85E-08
12,22,1.26E-04,9.25E-06,7.80E-07,2.01E-07,1.09E-07,8.34E-08,7.35E-08,6.84E-08,6.51E-08,6.26E-08,6.05E-08,5.87E-08,5.72E-08,5.58E-08,5.46E-08,5.35E-08,5.26E-08,5.17E-08,5.10E-08,5.03E-08,4.97E-08
12,23,6.32E-05,4.64E-06,3.91E-07,1.01E-07,5.44E-08,4.16E-08,3.65E-08,3.39E-08,3.22E-08,3.09E-08,2.99E-08,2.89E-08,2.81E-08,2.74E-08,2.67E-08,2.62E-08,2.57E-08,2.52E-08,2.48E-08,2.45E-08,2.42E-08
12,24,3.05E-05,2.24E-06,1.89E-07,4.85E-08,2.62E-08,2.00E-08,1.75E-08,1.62E-08,1.54E-08,1.47E-08,1.42E-08,1.37E-08,1.33E-08,1.30E-08,1.26E-08,1.23E-08,1.21E-08,1.19E-08,1.17E-08,1.15E-08,1.13E-08
12,25,1.42E-05,1.04E-06,8.77E-08,2.25E-08,1.21E-08,9.24E-09,8.09E-09,7.48E-09,7.08E-09,6.77E-09,6.51E-09,6.29E-09,6.09E-09,5.91E-09,5.76E-09,5.62E-09,5.51E-09,5.40E-09,5.30E-09,5.22E-09,5.14E-09
12,26,6.37E-06,4.67E-07,3.93E-08,1.01E-08,5.43E-09,4.13E-09,3.61E-09,3.34E-09,3.15E-09,3.01E-09,2.89E-09,2.78E-09,2.69E-09,2.61E-09,2.54E-09,2.48E-09,2.42E-09,2.37E-09,2.33E-09,2.29E-09,2.25E-09
12,27,2.76E-06,2.02E-07,1.70E-08,4.37E-09,2.35E-09,1.78E-09,1.56E-09,1.44E-09,1.35E-09,1.29E-09,1.24E-09,1.19E-09,1.15E-09,1.12E-09,1.08E-09,1.06E-09,1.03E-09,1.01E-09,9.90E-10,9.72E-10,9.57E-10
12,28,1.16E-06,8.48E-08,7.14E-09,1.83E-09,9.83E-10,7.45E-10,6.50E-10,5.98E-10,5.64E-10,5.37E-10,5.14E-10,4.94E-10,4.77E-10,4.62E-10,4.48E-10,4.36E-10,4.25E-10,4.16E-10,4.08E-10,4.00E-10,3.93E-10
12,29,4.70E-07,3.44E-08,2.89E-09,7.42E-10,3.98E-10,3.02E-10,2.63E-10,2.42E-10,2.27E-10,2.16E-10,2.07E-10,1.99E-10,1.91E-10,1.85E-10,1.80E-10,1.75E-10,1.70E-10,1.66E-10,1.63E-10,1.60E-10,1.57E-10
12,30,1.85E-07,1.35E-08,1.14E-09,2.92E-10,1.56E-10,1.18E-10,1.03E-10,9.45E-11,8.88E-11,8.44E-11,8.06E-11,7.74E-11,7.45E-11,7.20E-11,6.98E-11,6.78E-11,6.61E-11,6.45E-11,6.31E-11,6.19E-11,6.08E-11
12,31,7.04E-08,5.15E-09,4.33E-10,1.11E-10,5.95E-11,4.49E-11,3.91E-11,3.59E-11,3.37E-11,3.20E-11,3.05E-11,2.93E-11,2.82E-11,2.72E-11,2.63E-11,2.56E-11,2.49E-11,2.43E-11,2.38E-11,2.33E-11,2.29E-11
12,32,2.60E-08,1.90E-09,1.60E-10,4.10E-11,2.20E-11,1.66E-11,1.44E-11,1.32E-11,1.24E-11,1.18E-11,1.12E-11,1.08E-11,1.03E-11,9.98E-12,9.66E-12,9.37E-12,9.12E-12,8.89E-12,8.69E-12,8.52E-12,8.36E-12
12,33,9.35E-09,6.83E-10,5.74E-11,1.47E-11,7.88E-12,5.95E-12,5.16E-12,4.73E-12,4.44E-12,4.21E-12,4.01E-12,3.84E-12,3.69E-12,3.56E-12,3.44E-12,3.34E-12,3.25E-12,3.16E-12,3.09E-12,3.03E-12,2.97E-12
12,34,3.26E-09,2.38E-10,2.00E-11,5.13E-12,2.74E-12,2.07E-12,1.80E-12,1.65E-12,1.54E-12,1.46E-12,1.39E-12,1.33E-12,1.28E-12,1.23E-12,1.19E-12,1.16E-12,1.12E-12,1.10E-12,1.07E-12,1.05E-12,1.03E-12
12,35,1.11E-09,8.07E-11,6.79E-12,1.74E-12,9.31E-13,7.03E-13,6.09E-13,5.58E-13,5.23E-13,4.95E-13,4.71E-13,4.51E-13,4.33E-13,4.17E-13,4.03E-13,3.90E-13,3.79E-13,3.69E-13,3.61E-13,3.53E-13,3.46E-13
12,36,3.66E-10,2.67E-11,2.24E-12,5.74E-13,3.07E-13,2.32E-13,2.01E-13,1.84E-13,1.72E-13,1.63E-13,1.55E-13,1.48E-13,1.42E-13,1.37E-13,1.32E-13,1.28E-13,1.25E-13,1.21E-13,1.18E-13,1.16E-13,1.14E-13
12,37,1.18E-10,8.57E-12,7.20E-13,1.84E-13,9.87E-14,7.45E-14,6.45E-14,5.91E-14,5.53E-14,5.23E-14,4.97E-14,4.75E-14,4.56E-14,4.39E-14,4.24E-14,4.11E-14,3.99E-14,3.88E-14,3.79E-14,3.70E-14,3.63E-14
12,38,3.69E-11,2.68E-12,2.26E-13,5.77E-14,3.09E-14,2.33E-14,2.02E-14,1.85E-14,1.73E-14,1.64E-14,1.56E-14,1.49E-14,1.42E-14,1.37E-14,1.32E-14,1.28E-14,1.24E-14,1.21E-14,1.18E-14,1.15E-14,1.13E-14
12,39,1.13E-11,8.19E-13,6.88E-14,1.77E-14,9.44E-15,7.12E-15,6.17E-15,5.64E-15,5.27E-15,4.99E-15,4.75E-15,4.53E-15,4.34E-15,4.18E-15,4.03E-15,3.90E-15,3.78E-15,3.68E-15,3.59E-15,3.51E-15,3.44E-15
12,40,3.36E-12,2.44E-13,2.05E-14,5.24E-15,2.81E-15,2.12E-15,1.84E-15,1.68E-15,1.57E-15,1.48E-15,1.41E-15,1.35E-15,1.29E-15,1.24E-15,1.20E-15,1.16E-15,1.12E-15,1.09E-15,1.07E-15,1.04E-15,1.02E-15
12,41,9.76E-13,7.10E-14,5.96E-15,1.53E-15,8.18E-16,6.16E-16,5.34E-16,4.89E-16,4.57E-16,4.31E-16,4.10E-16,3.91E-16,3.75E-16,3.60E-16,3.48E-16,3.36E-16,3.26E-16,3.17E-16,3.09E-16,3.03E-16,2.96E-16
12,42,2.77E-13,2.02E-14,1.69E-15,4.44E-16,2.32E-16,1.75E-16,1.52E-16,1.39E-16,1.30E-16,1.22E-16,1.16E-16,1.11E-16,1.06E-16,1.02E-16,9.85E-17,9.53E-17,9.25E-17,8.99E-17,8.77E-17,8.57E-17,8.39E-17
12,43,7.70E-14,5.59E-15,4.70E-16,1.16E-16,6.45E-17,4.89E-17,4.20E-17,3.83E-17,3.60E-17,3.39E-17,3.23E-17,3.08E-17,2.95E-17,2.83E-17,2.73E-17,2.64E-17,2.56E-17,2.49E-17,2.43E-17,2.37E-17,2.32E-17
12,44,2.09E-14,1.52E-15,1.28E-16,3.62E-17,1.75E-17,1.34E-17,1.12E-17,1.05E-17,9.77E-18,9.20E-18,8.74E-18,8.34E-18,7.99E-18,7.68E-18,7.40E-18,7.15E-18,6.94E-18,6.74E-18,6.57E-18,6.42E-18,6.29E-18
12,45,5.55E-15,4.02E-16,3.41E-17,1.54E-17,4.64E-18,3.56E-18,2.84E-18,2.78E-18,2.59E-18,2.44E-18,2.32E-18,2.21E-18,2.12E-18,2.03E-18,1.97E-18,1.90E-18,1.84E-18,1.79E-18,1.74E-18,1.70E-18,1.67E-18
12,46,1.44E-15,1.04E-16,8.74E-18,-1.65E-17,1.21E-18,1.01E-18,7.67E-19,7.19E-19,6.77E-19,6.36E-19,6.02E-19,5.74E-19,5.50E-19,5.28E-19,5.16E-19,4.93E-19,4.77E-19,4.63E-19,4.52E-19,4.41E-19,4.32E-19
12,47,3.66E-16,2.65E-17,2.13E-18,-1.61E-17,3.07E-19,3.92E-19,1.83E-19,1.83E-19,1.75E-19,1.61E-19,1.53E-19,1.46E-19,1.40E-19,1.34E-19,1.21E-19,1.25E-19,1.21E-19,1.18E-19,1.15E-19,1.12E-19,1.10E-19
12,48,9.12E-17,6.61E-18,4.81E-19,-5.30E-19,7.63E-20,4.36E-20,4.96E-20,4.01E-20,4.02E-20,3.87E-20,3.80E-20,3.63E-20,3.47E-20,3.34E-20,3.45E-20,3.11E-20,3.01E-20,2.93E-20,2.86E-20,2.78E-20,2.72E-20
12,49,2.22E-17,1.61E-18,1.25E-19,-5.36E-19,1.86E-20,5.67E-21,2.87E-20,1.20E-20,1.25E-20,9.10E-21,9.39E-21,8.85E-21,8.46E-21,8.13E-21,8.16E-21,7.57E-21,7.33E-21,7.13E-21,6.95E-21,6.78E-21,6.64E-21
12,50,3.72E-18,2.69E-19,2.00E-20,-1.92E-19,3.12E-21,2.59E-21,-1.76E-21,2.70E-21,1.87E-21,1.68E-21,1.50E-21,1.42E-21,1.35E-21,1.29E-21,1.14E-21,1.19E-21,1.15E-21,1.12E-21,1.09E-21,1.05E-21,1.03E-21
13,0,2.14E-06,8.47E-08,5.18E-09,1.19E-09,6.38E-10,5.05E-10,4.66E-10,4.55E-10,4.53E-10,4.55E-10,4.58E-10,4.60E-10,4.63E-10,4.65E-10,4.67E-10,4.69E-10,4.70E-10,4.71E-10,4.73E-10,4.73E-10,4.74E-10
13,1,2.18E-05,8.66E-07,5.30E-08,1.22E-08,6.51E-09,5.14E-09,4.74E-09,4.62E-09,4.60E-09,4.62E-09,4.64E-09,4.66E-09,4.68E-09,4.70E-09,4.72E-09,4.74E-09,4.75E-09,4.76E-09,4.77E-09,4.78E-09,4.79E-09
13,2,1.12E-04,4.44E-06,2.72E-07,6.22E-08,3.33E-08,2.62E-08,2.41E-08,2.35E-08,2.34E-08,2.34E-08,2.36E-08,2.37E-08,2.37E-08,2.38E-08,2.39E-08,2.40E-08,2.40E-08,2.41E-08,2.41E-08,2.42E-08,2.42E-08
13,3,3.83E-04,1.52E-05,9.31E-07,2.13E-07,1.14E-07,8.95E-08,8.22E-08,8.01E-08,7.95E-08,7.96E-08,7.99E-08,8.02E-08,8.04E-08,8.07E-08,8.09E-08,8.10E-08,8.12E-08,8.14E-08,8.16E-08,8.16E-08,8.17E-08
13,4,9.86E-04,3.92E-05,2.40E-06,5.49E-07,2.93E-07,2.30E-07,2.11E-07,2.05E-07,2.03E-07,2.03E-07,2.04E-07,2.04E-07,2.05E-07,2.05E-07,2.06E-07,2.06E-07,2.06E-07,2.07E-07,2.07E-07,2.07E-07,2.07E-07
13,5,0.002040937,8.12E-05,4.97E-06,1.14E-06,6.04E-07,4.74E-07,4.34E-07,4.20E-07,4.17E-07,4.16E-07,4.16E-07,4.17E-07,4.18E-07,4.19E-07,4.19E-07,4.20E-07,4.20E-07,4.21E-07,4.21E-07,4.21E-07,4.21E-07
13,6,0.003535793,1.41E-04,8.62E-06,1.97E-06,1.04E-06,8.16E-07,7.46E-07,7.22E-07,7.14E-07,7.12E-07,7.12E-07,7.12E-07,7.13E-07,7.13E-07,7.14E-07,7.14E-07,7.15E-07,7.15E-07,7.15E-07,7.16E-07,7.16E-07
13,7,0.005275679,2.10E-04,1.29E-05,2.93E-06,1.55E-06,1.21E-06,1.10E-06,1.07E-06,1.05E-06,1.05E-06,1.05E-06,1.05E-06,1.05E-06,1.05E-06,1.05E-06,1.04E-06,1.05E-06,1.04E-06,1.04E-06,1.04E-06,1.04E-06
13,8,0.006928283,2.76E-04,1.69E-05,3.84E-06,2.03E-06,1.58E-06,1.44E-06,1.38E-06,1.36E-06,1.36E-06,1.35E-06,1.35E-06,1.35E-06,1.34E-06,1.34E-06,1.34E-06,1.34E-06,1.34E-06,1.34E-06,1.34E-06,1.34E-06
13,9,0.008125709,3.24E-04,1.99E-05,4.50E-06,2.37E-06,1.84E-06,1.67E-06,1.61E-06,1.58E-06,1.57E-06,1.56E-06,1.55E-06,1.55E-06,1.54E-06,1.54E-06,1.54E-06,1.54E-06,1.53E-06,1.53E-06,1.53E-06,1.53E-06
13,10,0.008626472,3.45E-04,2.11E-05,4.78E-06,2.51E-06,1.94E-06,1.75E-06,1.68E-06,1.65E-06,1.64E-06,1.62E-06,1.62E-06,1.61E-06,1.60E-06,1.60E-06,1.59E-06,1.59E-06,1.59E-06,1.58E-06,1.58E-06,1.58E-06
13,11,0.008390615,3.35E-04,2.05E-05,4.64E-06,2.43E-06,1.87E-06,1.69E-06,1.61E-06,1.58E-06,1.56E-06,1.55E-06,1.54E-06,1.53E-06,1.52E-06,1.51E-06,1.51E-06,1.50E-06,1.50E-06,1.49E-06,1.49E-06,1.49E-06
13,12,0.007520909,3.01E-04,1.84E-05,4.15E-06,2.17E-06,1.66E-06,1.50E-06,1.43E-06,1.39E-06,1.37E-06,1.36E-06,1.35E-06,1.34E-06,1.33E-06,1.32E-06,1.31E-06,1.31E-06,1.30E-06,1.30E-06,1.29E-06,1.29E-06
13,13,0.006274837,2.51E-04,1.54E-05,3.45E-06,1.80E-06,1.38E-06,1.23E-06,1.17E-06,1.14E-06,1.12E-06,1.11E-06,1.10E-06,1.09E-06,1.08E-06,1.07E-06,1.06E-06,1.06E-06,1.05E-06,1.05E-06,1.04E-06,1.04E-06
13,14,0.004889927,1.95E-04,1.20E-05,2.69E-06,1.39E-06,1.06E-06,9.50E-07,9.01E-07,8.75E-07,8.57E-07,8.44E-07,8.34E-07,8.24E-07,8.16E-07,8.09E-07,8.02E-07,7.97E-07,7.92E-07,7.87E-07,7.83E-07,7.80E-07
13,15,0.003584098,1.43E-04,8.77E-06,1.96E-06,1.01E-06,7.72E-07,6.88E-07,6.50E-07,6.29E-07,6.15E-07,6.05E-07,5.95E-07,5.88E-07,5.81E-07,5.75E-07,5.69E-07,5.65E-07,5.61E-07,5.57E-07,5.53E-07,5.50E-07
13,16,0.002478746,9.91E-05,6.07E-06,1.36E-06,6.98E-07,5.30E-07,4.70E-07,4.43E-07,4.28E-07,4.17E-07,4.09E-07,4.01E-07,3.96E-07,3.90E-07,3.85E-07,3.81E-07,3.78E-07,3.74E-07,3.71E-07,3.69E-07,3.66E-07
13,17,0.001625238,6.50E-05,3.98E-06,8.87E-07,4.55E-07,3.44E-07,3.04E-07,2.86E-07,2.75E-07,2.68E-07,2.62E-07,2.57E-07,2.52E-07,2.48E-07,2.45E-07,2.42E-07,2.39E-07,2.37E-07,2.35E-07,2.33E-07,2.31E-07
13,18,0.00101345,4.05E-05,2.48E-06,5.51E-07,2.82E-07,2.13E-07,1.88E-07,1.76E-07,1.69E-07,1.64E-07,1.60E-07,1.56E-07,1.53E-07,1.50E-07,1.48E-07,1.46E-07,1.44E-07,1.43E-07,1.41E-07,1.40E-07,1.39E-07
13,19,6.02E-04,2.40E-05,1.47E-06,3.27E-07,1.67E-07,1.25E-07,1.10E-07,1.03E-07,9.86E-08,9.54E-08,9.28E-08,9.06E-08,8.87E-08,8.69E-08,8.54E-08,8.41E-08,8.30E-08,8.19E-08,8.09E-08,8.02E-08,7.94E-08
13,20,3.42E-04,1.36E-05,8.35E-07,1.85E-07,9.43E-08,7.07E-08,6.20E-08,5.77E-08,5.51E-08,5.32E-08,5.16E-08,5.03E-08,4.91E-08,4.81E-08,4.72E-08,4.64E-08,4.56E-08,4.50E-08,4.45E-08,4.39E-08,4.35E-08
13,21,1.86E-04,7.42E-06,4.54E-07,1.00E-07,5.10E-08,3.82E-08,3.34E-08,3.10E-08,2.95E-08,2.84E-08,2.75E-08,2.68E-08,2.61E-08,2.55E-08,2.50E-08,2.45E-08,2.41E-08,2.37E-08,2.34E-08,2.31E-08,2.29E-08
13,22,9.71E-05,3.87E-06,2.37E-07,5.23E-08,2.65E-08,1.98E-08,1.73E-08,1.60E-08,1.52E-08,1.46E-08,1.41E-08,1.37E-08,1.33E-08,1.30E-08,1.27E-08,1.24E-08,1.22E-08,1.20E-08,1.19E-08,1.17E-08,1.16E-08
13,23,4.87E-05,1.94E-06,1.19E-07,2.62E-08,1.33E-08,9.87E-09,8.58E-09,7.94E-09,7.53E-09,7.21E-09,6.96E-09,6.74E-09,6.54E-09,6.38E-09,6.22E-09,6.09E-09,5.97E-09,5.87E-09,5.78E-09,5.69E-09,5.62E-09
13,24,2.35E-05,9.36E-07,5.72E-08,1.26E-08,6.38E-09,4.74E-09,4.11E-09,3.79E-09,3.59E-09,3.44E-09,3.31E-09,3.20E-09,3.10E-09,3.02E-09,2.94E-09,2.88E-09,2.82E-09,2.76E-09,2.72E-09,2.67E-09,2.64E-09
13,25,1.09E-05,4.35E-07,2.66E-08,5.86E-09,2.96E-09,2.19E-09,1.90E-09,1.75E-09,1.65E-09,1.58E-09,1.52E-09,1.47E-09,1.42E-09,1.38E-09,1.34E-09,1.31E-09,1.28E-09,1.26E-09,1.23E-09,1.21E-09,1.20E-09
13,26,4.91E-06,1.95E-07,1.19E-08,2.63E-09,1.32E-09,9.80E-10,8.47E-10,7.80E-10,7.35E-10,7.01E-10,6.73E-10,6.49E-10,6.27E-10,6.08E-10,5.91E-10,5.77E-10,5.63E-10,5.52E-10,5.41E-10,5.32E-10,5.24E-10
13,27,2.13E-06,8.46E-08,5.17E-09,1.14E-09,5.72E-10,4.23E-10,3.65E-10,3.36E-10,3.16E-10,3.01E-10,2.88E-10,2.78E-10,2.68E-10,2.60E-10,2.52E-10,2.46E-10,2.40E-10,2.35E-10,2.30E-10,2.26E-10,2.22E-10
13,28,8.93E-07,3.54E-08,2.17E-09,4.76E-10,2.39E-10,1.77E-10,1.53E-10,1.40E-10,1.32E-10,1.25E-10,1.20E-10,1.15E-10,1.11E-10,1.07E-10,1.04E-10,1.02E-10,9.90E-11,9.68E-11,9.48E-11,9.31E-11,9.15E-11
13,29,3.62E-07,1.44E-08,8.78E-10,1.93E-10,9.69E-11,7.15E-11,6.16E-11,5.65E-11,5.30E-11,5.04E-11,4.82E-11,4.63E-11,4.46E-11,4.31E-11,4.18E-11,4.06E-11,3.96E-11,3.87E-11,3.79E-11,3.71E-11,3.65E-11
13,30,1.42E-07,5.64E-09,3.45E-10,7.57E-11,3.80E-11,2.80E-11,2.41E-11,2.21E-11,2.07E-11,1.97E-11,1.88E-11,1.80E-11,1.74E-11,1.68E-11,1.62E-11,1.58E-11,1.54E-11,1.50E-11,1.47E-11,1.44E-11,1.41E-11
13,31,5.43E-08,2.15E-09,1.31E-10,2.88E-11,1.45E-11,1.07E-11,9.17E-12,8.39E-12,7.86E-12,7.46E-12,7.11E-12,6.82E-12,6.56E-12,6.33E-12,6.13E-12,5.95E-12,5.80E-12,5.65E-12,5.53E-12,5.42E-12,5.32E-12
13,32,2.01E-08,7.94E-10,4.85E-11,1.06E-11,5.34E-12,3.93E-12,3.38E-12,3.09E-12,2.90E-12,2.74E-12,2.62E-12,2.51E-12,2.41E-12,2.32E-12,2.25E-12,2.18E-12,2.12E-12,2.07E-12,2.02E-12,1.98E-12,1.94E-12
13,33,7.21E-09,2.85E-10,1.74E-11,3.82E-12,1.91E-12,1.41E-12,1.21E-12,1.11E-12,1.04E-12,9.81E-13,9.35E-13,8.94E-13,8.59E-13,8.28E-13,8.01E-13,7.77E-13,7.55E-13,7.36E-13,7.19E-13,7.04E-13,6.91E-13
13,34,2.52E-09,9.94E-11,6.06E-12,1.33E-12,6.67E-13,4.91E-13,4.22E-13,3.85E-13,3.60E-13,3.41E-13,3.25E-13,3.11E-13,2.98E-13,2.87E-13,2.78E-13,2.69E-13,2.61E-13,2.55E-13,2.49E-13,2.44E-13,2.39E-13
13,35,8.54E-10,3.37E-11,2.06E-12,4.51E-13,2.26E-13,1.66E-13,1.43E-13,1.30E-13,1.22E-13,1.15E-13,1.10E-13,1.05E-13,1.01E-13,9.70E-14,9.37E-14,9.08E-14,8.82E-14,8.59E-14,8.39E-14,8.21E-14,8.05E-14
13,36,2.82E-10,1.11E-11,6.78E-13,1.49E-13,7.47E-14,5.49E-14,4.71E-14,4.30E-14,4.02E-14,3.80E-14,3.61E-14,3.45E-14,3.31E-14,3.19E-14,3.08E-14,2.98E-14,2.90E-14,2.82E-14,2.75E-14,2.69E-14,2.64E-14
13,37,9.07E-11,3.57E-12,2.18E-13,4.79E-14,2.40E-14,1.76E-14,1.51E-14,1.38E-14,1.29E-14,1.22E-14,1.16E-14,1.11E-14,1.06E-14,1.02E-14,9.86E-15,9.55E-15,9.27E-15,9.02E-15,8.80E-15,8.61E-15,8.43E-15
13,38,2.84E-11,1.12E-12,6.83E-14,1.51E-14,7.51E-15,5.52E-15,4.74E-15,4.31E-15,4.03E-15,3.81E-15,3.62E-15,3.46E-15,3.32E-15,3.19E-15,3.08E-15,2.98E-15,2.89E-15,2.81E-15,2.74E-15,2.68E-15,2.63E-15
13,39,8.68E-12,3.42E-13,2.08E-14,4.59E-15,2.29E-15,1.68E-15,1.45E-15,1.32E-15,1.23E-15,1.16E-15,1.10E-15,1.05E-15,1.01E-15,9.71E-16,9.37E-16,9.07E-16,8.80E-16,8.56E-16,8.35E-16,8.16E-16,7.99E-16
13,40,2.59E-12,1.02E-13,6.21E-15,1.40E-15,6.83E-16,5.02E-16,4.30E-16,3.92E-16,3.66E-16,3.46E-16,3.28E-16,3.13E-16,3.00E-16,2.89E-16,2.79E-16,2.69E-16,2.62E-16,2.54E-16,2.48E-16,2.42E-16,2.37E-16
13,41,7.52E-13,2.96E-14,1.80E-15,3.98E-16,1.99E-16,1.46E-16,1.25E-16,1.14E-16,1.06E-16,1.00E-16,9.54E-17,9.10E-17,8.72E-17,8.38E-17,8.08E-17,7.82E-17,7.58E-17,7.37E-17,7.19E-17,7.02E-17,6.88E-17
13,42,2.14E-13,8.40E-15,5.14E-16,1.09E-16,5.64E-17,4.12E-17,3.57E-17,3.23E-17,3.02E-17,2.85E-17,2.71E-17,2.58E-17,2.47E-17,2.38E-17,2.29E-17,2.22E-17,2.15E-17,2.09E-17,2.04E-17,1.99E-17,1.95E-17
13,43,5.93E-14,2.33E-15,1.42E-16,3.28E-17,1.57E-17,1.16E-17,9.90E-18,9.03E-18,8.35E-18,7.90E-18,7.50E-18,7.16E-18,6.85E-18,6.59E-18,6.34E-18,6.14E-18,5.95E-18,5.79E-18,5.64E-18,5.51E-18,5.39E-18
13,44,1.61E-14,6.32E-16,3.67E-17,4.74E-19,4.24E-18,3.30E-18,2.67E-18,2.44E-18,2.26E-18,2.15E-18,2.03E-18,1.94E-18,1.86E-18,1.78E-18,1.70E-18,1.66E-18,1.61E-18,1.57E-18,1.53E-18,1.49E-18,1.46E-18
13,45,4.27E-15,1.68E-16,8.74E-18,1.07E-17,1.13E-18,7.27E-19,4.54E-19,6.17E-19,6.05E-19,5.60E-19,5.40E-19,5.15E-19,4.93E-19,4.73E-19,4.53E-19,4.40E-19,4.27E-19,4.15E-19,4.05E-19,3.95E-19,3.86E-19
13,46,1.11E-15,4.35E-17,2.78E-18,-1.04E-19,2.92E-19,7.11E-20,1.65E-19,1.80E-19,1.60E-19,1.51E-19,1.40E-19,1.33E-19,1.28E-19,1.23E-19,1.11E-19,1.15E-19,1.11E-19,1.08E-19,1.05E-19,1.02E-19,1.00E-19
13,47,2.82E-16,1.11E-17,5.95E-19,-1.25E-17,7.43E-20,7.20E-20,9.03E-20,3.79E-20,4.38E-20,4.00E-20,3.56E-20,3.39E-20,3.24E-20,3.12E-20,2.63E-20,2.89E-20,2.81E-20,2.73E-20,2.65E-20,2.60E-20,2.54E-20
13,48,7.03E-17,2.75E-18,6.43E-20,1.31E-18,1.86E-20,1.34E-20,2.16E-20,3.42E-20,7.47E-21,1.03E-20,8.89E-21,8.46E-21,8.07E-21,7.75E-21,9.31E-21,7.35E-21,6.99E-21,6.79E-21,6.71E-21,6.46E-21,6.33E-21
13,49,1.71E-17,6.72E-19,2.27E-20,-1.03E-18,4.48E-21,2.56E-21,1.15E-20,2.72E-21,3.40E-21,1.71E-21,2.09E-21,2.06E-21,1.97E-21,1.89E-21,1.51E-21,1.65E-21,1.71E-21,1.65E-21,1.64E-21,1.57E-21,1.54E-21
13,50,2.87E-18,1.12E-19,1.94E-20,5.35E-20,7.57E-22,-1.62E-21,8.70E-22,1.81E-21,2.79E-22,1.98E-22,3.32E-22,3.30E-22,3.14E-22,3.00E-22,3.27E-22,2.89E-22,2.69E-22,2.59E-22,2.50E-22,2.45E-22,2.39E-22
14,0,1.52E-06,3.27E-08,1.45E-09,2.85E-10,1.43E-10,1.10E-10,1.01E-10,9.80E-11,9.75E-11,9.78E-11,9.82E-11,9.88E-11,9.92E-11,9.96E-11,1.00E-10,1.00E-10,1.01E-10,1.01E-10,1.01E-10,1.01E-10,1.02E-10
14,1,1.55E-05,3.34E-07,1.48E-08,2.91E-09,1.46E-09,1.12E-09,1.03E-09,9.96E-10,9.90E-10,9.92E-10,9.96E-10,1.00E-09,1.00E-09,1.01E-09,1.01E-09,1.01E-09,1.02E-09,1.02E-09,1.02E-09,1.02E-09,1.03E-09
14,2,7.96E-05,1.71E-06,7.60E-08,1.49E-08,7.47E-09,5.74E-09,5.23E-09,5.07E-09,5.04E-09,5.04E-09,5.06E-09,5.08E-09,5.09E-09,5.11E-09,5.13E-09,5.14E-09,5.15E-09,5.16E-09,5.17E-09,5.18E-09,5.18E-09
14,3,2.73E-04,5.86E-06,2.61E-07,5.11E-08,2.55E-08,1.96E-08,1.78E-08,1.73E-08,1.71E-08,1.71E-08,1.71E-08,1.72E-08,1.73E-08,1.73E-08,1.74E-08,1.74E-08,1.74E-08,1.74E-08,1.75E-08,1.75E-08,1.75E-08
14,4,7.03E-04,1.51E-05,6.73E-07,1.32E-07,6.57E-08,5.03E-08,4.57E-08,4.42E-08,4.37E-08,4.37E-08,4.37E-08,4.39E-08,4.39E-08,4.40E-08,4.41E-08,4.42E-08,4.42E-08,4.43E-08,4.43E-08,4.44E-08,4.44E-08
14,5,0.001455403,3.13E-05,1.39E-06,2.73E-07,1.36E-07,1.04E-07,9.40E-08,9.07E-08,8.97E-08,8.95E-08,8.95E-08,8.96E-08,8.97E-08,8.98E-08,8.99E-08,9.00E-08,9.01E-08,9.01E-08,9.02E-08,9.02E-08,9.03E-08
14,6,0.002522025,5.43E-05,2.42E-06,4.72E-07,2.35E-07,1.79E-07,1.62E-07,1.56E-07,1.54E-07,1.53E-07,1.53E-07,1.53E-07,1.53E-07,1.53E-07,1.53E-07,1.53E-07,1.53E-07,1.53E-07,1.53E-07,1.53E-07,1.53E-07
14,7,0.003762112,8.11E-05,3.61E-06,7.04E-07,3.49E-07,2.65E-07,2.39E-07,2.30E-07,2.27E-07,2.26E-07,2.25E-07,2.25E-07,2.25E-07,2.25E-07,2.25E-07,2.24E-07,2.24E-07,2.24E-07,2.24E-07,2.24E-07,2.24E-07
14,8,0.004941954,1.06E-04,4.75E-06,9.24E-07,4.57E-07,3.46E-07,3.12E-07,2.99E-07,2.94E-07,2.92E-07,2.91E-07,2.90E-07,2.90E-07,2.89E-07,2.89E-07,2.88E-07,2.88E-07,2.88E-07,2.87E-07,2.87E-07,2.87E-07
14,9,0.005799096,1.25E-04,5.57E-06,1.08E-06,5.34E-07,4.04E-07,3.62E-07,3.47E-07,3.41E-07,3.38E-07,3.35E-07,3.34E-07,3.33E-07,3.32E-07,3.31E-07,3.30E-07,3.30E-07,3.29E-07,3.29E-07,3.28E-07,3.28E-07
14,10,0.00616115,1.33E-04,5.93E-06,1.15E-06,5.65E-07,4.26E-07,3.81E-07,3.64E-07,3.57E-07,3.53E-07,3.50E-07,3.48E-07,3.46E-07,3.45E-07,3.44E-07,3.42E-07,3.41E-07,3.41E-07,3.40E-07,3.39E-07,3.38E-07
14,11,0.005990468,1.29E-04,5.77E-06,1.12E-06,5.47E-07,4.11E-07,3.67E-07,3.49E-07,3.41E-07,3.37E-07,3.34E-07,3.31E-07,3.29E-07,3.27E-07,3.26E-07,3.24E-07,3.23E-07,3.22E-07,3.21E-07,3.20E-07,3.19E-07
14,12,0.005377428,1.16E-04,5.17E-06,1.00E-06,4.88E-07,3.66E-07,3.25E-07,3.09E-07,3.01E-07,2.96E-07,2.93E-07,2.90E-07,2.88E-07,2.86E-07,2.84E-07,2.82E-07,2.81E-07,2.80E-07,2.79E-07,2.78E-07,2.77E-07
14,13,0.004484096,9.65E-05,4.32E-06,8.32E-07,4.05E-07,3.02E-07,2.68E-07,2.54E-07,2.47E-07,2.42E-07,2.39E-07,2.36E-07,2.34E-07,2.32E-07,2.30E-07,2.29E-07,2.27E-07,2.26E-07,2.25E-07,2.24E-07,2.23E-07
14,14,0.00349567,7.52E-05,3.37E-06,6.48E-07,3.14E-07,2.34E-07,2.07E-07,1.95E-07,1.89E-07,1.85E-07,1.82E-07,1.80E-07,1.78E-07,1.76E-07,1.74E-07,1.73E-07,1.71E-07,1.70E-07,1.69E-07,1.68E-07,1.68E-07
14,15,0.002562872,5.51E-05,2.47E-06,4.74E-07,2.29E-07,1.70E-07,1.50E-07,1.41E-07,1.36E-07,1.33E-07,1.31E-07,1.28E-07,1.27E-07,1.25E-07,1.24E-07,1.23E-07,1.22E-07,1.21E-07,1.20E-07,1.19E-07,1.18E-07
14,16,0.001773361,3.81E-05,1.71E-06,3.27E-07,1.58E-07,1.17E-07,1.02E-07,9.60E-08,9.25E-08,9.02E-08,8.83E-08,8.67E-08,8.54E-08,8.42E-08,8.31E-08,8.22E-08,8.14E-08,8.06E-08,8.00E-08,7.94E-08,7.89E-08
14,17,0.001162933,2.50E-05,1.12E-06,2.14E-07,1.03E-07,7.58E-08,6.63E-08,6.20E-08,5.96E-08,5.79E-08,5.66E-08,5.54E-08,5.45E-08,5.36E-08,5.29E-08,5.22E-08,5.16E-08,5.11E-08,5.06E-08,5.01E-08,4.98E-08
14,18,7.25E-04,1.55E-05,6.97E-07,1.33E-07,6.38E-08,4.68E-08,4.09E-08,3.81E-08,3.65E-08,3.54E-08,3.45E-08,3.37E-08,3.31E-08,3.25E-08,3.20E-08,3.15E-08,3.11E-08,3.07E-08,3.04E-08,3.01E-08,2.99E-08
14,19,4.31E-04,9.23E-06,4.14E-07,7.89E-08,3.77E-08,2.76E-08,2.40E-08,2.24E-08,2.14E-08,2.06E-08,2.01E-08,1.96E-08,1.92E-08,1.88E-08,1.84E-08,1.82E-08,1.79E-08,1.77E-08,1.75E-08,1.73E-08,1.71E-08
14,20,2.45E-04,5.24E-06,2.35E-07,4.47E-08,2.13E-08,1.56E-08,1.35E-08,1.25E-08,1.19E-08,1.15E-08,1.12E-08,1.09E-08,1.06E-08,1.04E-08,1.02E-08,1.00E-08,9.85E-09,9.71E-09,9.59E-09,9.48E-09,9.38E-09
14,21,1.33E-04,2.85E-06,1.28E-07,2.43E-08,1.15E-08,8.41E-09,7.27E-09,6.73E-09,6.40E-09,6.16E-09,5.96E-09,5.79E-09,5.64E-09,5.51E-09,5.39E-09,5.29E-09,5.20E-09,5.12E-09,5.05E-09,4.99E-09,4.93E-09
14,22,6.96E-05,1.48E-06,6.66E-08,1.26E-08,6.00E-09,4.36E-09,3.76E-09,3.48E-09,3.29E-09,3.16E-09,3.05E-09,2.96E-09,2.88E-09,2.81E-09,2.75E-09,2.69E-09,2.64E-09,2.60E-09,2.56E-09,2.52E-09,2.49E-09
14,23,3.49E-05,7.44E-07,3.34E-08,6.32E-09,3.00E-09,2.17E-09,1.87E-09,1.72E-09,1.63E-09,1.56E-09,1.51E-09,1.46E-09,1.42E-09,1.38E-09,1.35E-09,1.32E-09,1.29E-09,1.27E-09,1.25E-09,1.23E-09,1.21E-09
14,24,1.68E-05,3.59E-07,1.61E-08,3.05E-09,1.44E-09,1.04E-09,8.96E-10,8.24E-10,7.79E-10,7.44E-10,7.16E-10,6.92E-10,6.71E-10,6.52E-10,6.36E-10,6.21E-10,6.08E-10,5.97E-10,5.86E-10,5.77E-10,5.69E-10
14,25,7.83E-06,1.67E-07,7.48E-09,1.41E-09,6.68E-10,4.83E-10,4.14E-10,3.80E-10,3.58E-10,3.42E-10,3.29E-10,3.17E-10,3.07E-10,2.98E-10,2.90E-10,2.83E-10,2.77E-10,2.71E-10,2.66E-10,2.62E-10,2.58E-10
14,26,3.52E-06,7.47E-08,3.35E-09,6.34E-10,2.99E-10,2.16E-10,1.85E-10,1.69E-10,1.59E-10,1.52E-10,1.46E-10,1.40E-10,1.36E-10,1.32E-10,1.28E-10,1.25E-10,1.22E-10,1.19E-10,1.17E-10,1.15E-10,1.13E-10
14,27,1.53E-06,3.24E-08,1.45E-09,2.74E-10,1.29E-10,9.31E-11,7.97E-11,7.29E-11,6.85E-11,6.52E-11,6.25E-11,6.01E-11,5.80E-11,5.62E-11,5.46E-11,5.31E-11,5.19E-11,5.07E-11,4.97E-11,4.89E-11,4.81E-11
14,28,6.40E-07,1.36E-08,6.08E-10,1.15E-10,5.41E-11,3.89E-11,3.33E-11,3.04E-11,2.85E-11,2.71E-11,2.59E-11,2.49E-11,2.40E-11,2.32E-11,2.26E-11,2.19E-11,2.14E-11,2.09E-11,2.05E-11,2.01E-11,1.98E-11
14,29,2.60E-07,5.49E-09,2.46E-10,4.65E-11,2.19E-11,1.57E-11,1.34E-11,1.23E-11,1.15E-11,1.09E-11,1.04E-11,1.00E-11,9.65E-12,9.32E-12,9.04E-12,8.78E-12,8.56E-12,8.36E-12,8.18E-12,8.03E-12,7.89E-12
14,30,1.02E-07,2.16E-09,9.68E-11,1.83E-11,8.59E-12,6.17E-12,5.26E-12,4.80E-12,4.49E-12,4.26E-12,4.07E-12,3.90E-12,3.75E-12,3.63E-12,3.51E-12,3.41E-12,3.32E-12,3.24E-12,3.17E-12,3.11E-12,3.05E-12
14,31,3.89E-08,8.22E-10,3.68E-11,6.95E-12,3.26E-12,2.34E-12,2.00E-12,1.82E-12,1.70E-12,1.61E-12,1.54E-12,1.48E-12,1.42E-12,1.37E-12,1.33E-12,1.29E-12,1.25E-12,1.22E-12,1.19E-12,1.17E-12,1.15E-12
14,32,1.44E-08,3.03E-10,1.36E-11,2.56E-12,1.21E-12,8.65E-13,7.37E-13,6.70E-13,6.27E-13,5.94E-13,5.66E-13,5.42E-13,5.21E-13,5.02E-13,4.86E-13,4.71E-13,4.58E-13,4.47E-13,4.37E-13,4.28E-13,4.20E-13
14,33,5.16E-09,1.09E-10,4.88E-12,9.20E-13,4.32E-13,3.10E-13,2.64E-13,2.40E-13,2.24E-13,2.12E-13,2.02E-13,1.93E-13,1.86E-13,1.79E-13,1.73E-13,1.68E-13,1.63E-13,1.59E-13,1.55E-13,1.52E-13,1.49E-13
14,34,1.80E-09,3.79E-11,1.70E-12,3.21E-13,1.51E-13,1.08E-13,9.19E-14,8.35E-14,7.80E-14,7.37E-14,7.02E-14,6.72E-14,6.45E-14,6.21E-14,6.00E-14,5.82E-14,5.65E-14,5.51E-14,5.38E-14,5.26E-14,5.16E-14
14,35,6.11E-10,1.29E-11,5.77E-13,1.09E-13,5.11E-14,3.66E-14,3.11E-14,2.83E-14,2.64E-14,2.50E-14,2.37E-14,2.27E-14,2.18E-14,2.10E-14,2.03E-14,1.96E-14,1.91E-14,1.86E-14,1.81E-14,1.77E-14,1.74E-14
14,36,2.02E-10,4.25E-12,1.90E-13,3.59E-14,1.68E-14,1.21E-14,1.03E-14,9.32E-15,8.69E-15,8.21E-15,7.81E-15,7.46E-15,7.16E-15,6.89E-15,6.65E-15,6.44E-15,6.25E-15,6.09E-15,5.94E-15,5.81E-15,5.69E-15
14,37,6.49E-11,1.36E-12,6.12E-14,1.15E-14,5.41E-15,3.88E-15,3.29E-15,2.99E-15,2.79E-15,2.63E-15,2.50E-15,2.39E-15,2.29E-15,2.21E-15,2.13E-15,2.06E-15,2.00E-15,1.95E-15,1.90E-15,1.86E-15,1.82E-15
14,38,2.03E-11,4.27E-13,1.91E-14,3.61E-15,1.69E-15,1.21E-15,1.03E-15,9.35E-16,8.72E-16,8.24E-16,7.83E-16,7.47E-16,7.16E-16,6.89E-16,6.65E-16,6.43E-16,6.24E-16,6.07E-16,5.93E-16,5.79E-16,5.67E-16
14,39,6.21E-12,1.30E-13,5.84E-15,1.11E-15,5.17E-16,3.71E-16,3.15E-16,2.85E-16,2.66E-16,2.51E-16,2.39E-16,2.28E-16,2.18E-16,2.10E-16,2.02E-16,1.96E-16,1.90E-16,1.85E-16,1.80E-16,1.76E-16,1.72E-16
14,40,1.85E-12,3.89E-14,1.74E-15,3.15E-16,1.54E-16,1.11E-16,9.39E-17,8.51E-17,7.92E-17,7.47E-17,7.10E-17,6.77E-17,6.49E-17,6.24E-17,6.02E-17,5.81E-17,5.64E-17,5.49E-17,5.35E-17,5.23E-17,5.12E-17
14,41,5.39E-13,1.13E-14,5.06E-16,1.03E-16,4.48E-17,3.19E-17,2.70E-17,2.48E-17,2.30E-17,2.17E-17,2.06E-17,1.97E-17,1.88E-17,1.81E-17,1.75E-17,1.69E-17,1.64E-17,1.59E-17,1.55E-17,1.52E-17,1.48E-17
14,42,1.53E-13,3.20E-15,1.41E-16,2.30E-17,1.27E-17,8.95E-18,7.85E-18,7.04E-18,6.52E-18,6.16E-18,5.85E-18,5.57E-18,5.34E-18,5.13E-18,4.91E-18,4.78E-18,4.64E-18,4.51E-18,4.40E-18,4.29E-18,4.20E-18
14,43,4.25E-14,8.90E-16,4.05E-17,3.13E-17,3.53E-18,2.58E-18,2.09E-18,1.90E-18,1.82E-18,1.70E-18,1.62E-18,1.55E-18,1.48E-18,1.42E-18,1.37E-18,1.33E-18,1.28E-18,1.25E-18,1.22E-18,1.19E-18,1.16E-18
14,44,1.15E-14,2.41E-16,1.15E-17,7.39E-18,9.57E-19,7.31E-19,6.30E-19,5.48E-19,4.93E-19,4.56E-19,4.40E-19,4.19E-19,4.01E-19,3.85E-19,3.49E-19,3.57E-19,3.48E-19,3.38E-19,3.29E-19,3.22E-19,3.15E-19
14,45,3.06E-15,6.40E-17,2.18E-18,9.91E-19,2.54E-19,1.51E-19,1.68E-19,6.58E-20,1.23E-19,1.19E-19,1.16E-19,1.11E-19,1.06E-19,1.02E-19,1.11E-19,9.41E-20,9.22E-20,8.95E-20,8.72E-20,8.52E-20,8.34E-20
14,46,7.94E-16,1.66E-17,3.34E-19,1.29E-18,6.59E-20,7.08E-20,1.49E-19,4.91E-20,2.73E-20,3.19E-20,3.01E-20,2.88E-20,2.76E-20,2.65E-20,2.87E-20,2.63E-20,2.39E-20,2.32E-20,2.27E-20,2.21E-20,2.16E-20
14,47,2.02E-16,4.22E-18,3.14E-19,-2.19E-18,1.67E-20,-3.30E-20,-8.43E-20,3.21E-21,8.39E-21,1.01E-20,7.61E-21,7.33E-21,7.00E-21,6.72E-21,6.18E-21,6.12E-21,6.04E-21,5.89E-21,5.79E-21,5.60E-21,5.48E-21
14,48,5.03E-17,1.05E-18,-1.33E-19,-4.66E-19,4.21E-21,-3.46E-21,2.01E-21,1.43E-20,2.02E-21,2.86E-21,2.14E-21,1.82E-21,1.74E-21,1.67E-21,2.17E-21,1.28E-21,1.51E-21,1.46E-21,1.41E-21,1.39E-21,1.36E-21
14,49,1.23E-17,2.55E-19,-2.21E-20,1.68E-18,1.04E-21,3.42E-21,-1.08E-21,5.40E-22,-1.94E-22,6.02E-22,4.36E-22,4.43E-22,4.24E-22,4.07E-22,-6.83E-22,3.80E-22,3.64E-22,3.57E-22,3.51E-22,3.39E-22,3.32E-22
14,50,2.05E-18,4.25E-20,2.29E-20,3.73E-20,1.71E-22,3.86E-22,-1.00E-22,-6.59E-22,9.03E-23,8.29E-23,7.05E-23,7.27E-23,6.79E-23,6.48E-23,-2.56E-23,5.61E-23,5.85E-23,5.58E-23,5.91E-23,5.28E-23,5.15E-23
15,0,1.01E-06,1.16E-08,3.78E-10,6.38E-11,3.00E-11,2.25E-11,2.03E-11,1.97E-11,1.96E-11,1.96E-11,1.97E-11,1.98E-11,1.98E-11,1.99E-11,2.00E-11,2.01E-11,2.01E-11,2.02E-11,2.02E-11,2.02E-11,2.03E-11
15,1,1.03E-05,1.18E-07,3.86E-09,6.52E-10,3.06E-10,2.29E-10,2.07E-10,2.00E-10,1.99E-10,1.99E-10,1.99E-10,2.00E-10,2.01E-10,2.02E-10,2.02E-10,2.03E-10,2.03E-10,2.04E-10,2.04E-10,2.05E-10,2.05E-10
15,2,5.30E-05,6.07E-07,1.98E-08,3.34E-09,1.57E-09,1.17E-09,1.06E-09,1.02E-09,1.01E-09,1.01E-09,1.01E-09,1.02E-09,1.02E-09,1.02E-09,1.03E-09,1.03E-09,1.03E-09,1.03E-09,1.03E-09,1.03E-09,1.04E-09
15,3,1.81E-04,2.08E-06,6.80E-08,1.14E-08,5.35E-09,4.00E-09,3.60E-09,3.47E-09,3.44E-09,3.43E-09,3.44E-09,3.45E-09,3.46E-09,3.46E-09,3.47E-09,3.48E-09,3.48E-09,3.49E-09,3.49E-09,3.49E-09,3.50E-09
15,4,4.68E-04,5.36E-06,1.75E-07,2.95E-08,1.38E-08,1.03E-08,9.23E-09,8.89E-09,8.79E-09,8.77E-09,8.77E-09,8.79E-09,8.80E-09,8.81E-09,8.83E-09,8.84E-09,8.85E-09,8.85E-09,8.86E-09,8.87E-09,8.87E-09
15,5,9.69E-04,1.11E-05,3.64E-07,6.11E-08,2.85E-08,2.12E-08,1.90E-08,1.83E-08,1.80E-08,1.80E-08,1.80E-08,1.80E-08,1.80E-08,1.80E-08,1.80E-08,1.80E-08,1.80E-08,1.80E-08,1.80E-08,1.81E-08,1.81E-08
15,6,0.001678879,1.92E-05,6.31E-07,1.06E-07,4.92E-08,3.66E-08,3.27E-08,3.14E-08,3.09E-08,3.08E-08,3.07E-08,3.07E-08,3.07E-08,3.07E-08,3.07E-08,3.07E-08,3.07E-08,3.07E-08,3.07E-08,3.07E-08,3.07E-08
15,7,0.002506152,2.87E-05,9.43E-07,1.58E-07,7.33E-08,5.43E-08,4.85E-08,4.64E-08,4.57E-08,4.54E-08,4.52E-08,4.51E-08,4.51E-08,4.50E-08,4.50E-08,4.49E-08,4.49E-08,4.49E-08,4.48E-08,4.48E-08,4.48E-08
15,8,0.003292306,3.77E-05,1.24E-06,2.07E-07,9.60E-08,7.09E-08,6.31E-08,6.03E-08,5.92E-08,5.87E-08,5.84E-08,5.82E-08,5.81E-08,5.80E-08,5.79E-08,5.78E-08,5.77E-08,5.76E-08,5.75E-08,5.75E-08,5.74E-08
15,9,0.003864333,4.43E-05,1.46E-06,2.43E-07,1.12E-07,8.27E-08,7.34E-08,7.00E-08,6.86E-08,6.79E-08,6.74E-08,6.71E-08,6.69E-08,6.66E-08,6.64E-08,6.62E-08,6.61E-08,6.60E-08,6.58E-08,6.57E-08,6.56E-08
15,10,0.004106991,4.70E-05,1.55E-06,2.58E-07,1.19E-07,8.73E-08,7.73E-08,7.35E-08,7.18E-08,7.10E-08,7.04E-08,6.99E-08,6.95E-08,6.92E-08,6.89E-08,6.87E-08,6.85E-08,6.83E-08,6.81E-08,6.79E-08,6.78E-08
15,11,0.003995817,4.57E-05,1.51E-06,2.51E-07,1.15E-07,8.42E-08,7.44E-08,7.06E-08,6.88E-08,6.78E-08,6.71E-08,6.65E-08,6.61E-08,6.57E-08,6.53E-08,6.50E-08,6.47E-08,6.45E-08,6.43E-08,6.41E-08,6.39E-08
15,12,0.003585371,4.10E-05,1.35E-06,2.25E-07,1.03E-07,7.50E-08,6.60E-08,6.25E-08,6.08E-08,5.97E-08,5.90E-08,5.84E-08,5.79E-08,5.74E-08,5.70E-08,5.67E-08,5.64E-08,5.61E-08,5.59E-08,5.57E-08,5.55E-08
15,13,0.002990824,3.41E-05,1.13E-06,1.87E-07,8.53E-08,6.20E-08,5.45E-08,5.14E-08,4.98E-08,4.88E-08,4.81E-08,4.75E-08,4.71E-08,4.66E-08,4.62E-08,4.59E-08,4.56E-08,4.53E-08,4.51E-08,4.49E-08,4.47E-08
15,14,0.002332621,2.66E-05,8.80E-07,1.46E-07,6.62E-08,4.80E-08,4.20E-08,3.95E-08,3.82E-08,3.73E-08,3.67E-08,3.62E-08,3.58E-08,3.54E-08,3.50E-08,3.47E-08,3.44E-08,3.42E-08,3.40E-08,3.38E-08,3.37E-08
15,15,0.001710031,1.95E-05,6.45E-07,1.07E-07,4.83E-08,3.49E-08,3.04E-08,2.85E-08,2.75E-08,2.68E-08,2.63E-08,2.59E-08,2.55E-08,2.52E-08,2.49E-08,2.47E-08,2.44E-08,2.42E-08,2.41E-08,2.39E-08,2.38E-08
15,16,0.001184078,1.34E-05,4.46E-07,7.35E-08,3.32E-08,2.39E-08,2.08E-08,1.94E-08,1.87E-08,1.82E-08,1.78E-08,1.75E-08,1.72E-08,1.69E-08,1.67E-08,1.65E-08,1.64E-08,1.62E-08,1.61E-08,1.60E-08,1.58E-08
15,17,7.76E-04,8.81E-06,2.93E-07,4.81E-08,2.17E-08,1.56E-08,1.35E-08,1.26E-08,1.20E-08,1.17E-08,1.14E-08,1.12E-08,1.10E-08,1.08E-08,1.06E-08,1.05E-08,1.04E-08,1.03E-08,1.02E-08,1.01E-08,1.00E-08
15,18,4.84E-04,5.48E-06,1.82E-07,3.00E-08,1.34E-08,9.62E-09,8.31E-09,7.72E-09,7.38E-09,7.15E-09,6.96E-09,6.80E-09,6.67E-09,6.55E-09,6.44E-09,6.34E-09,6.26E-09,6.18E-09,6.12E-09,6.06E-09,6.01E-09
15,19,2.88E-04,3.25E-06,1.08E-07,1.78E-08,7.96E-09,5.67E-09,4.89E-09,4.53E-09,4.32E-09,4.17E-09,4.05E-09,3.95E-09,3.86E-09,3.78E-09,3.72E-09,3.66E-09,3.60E-09,3.56E-09,3.51E-09,3.48E-09,3.44E-09
15,20,1.64E-04,1.84E-06,6.15E-08,1.01E-08,4.50E-09,3.20E-09,2.75E-09,2.54E-09,2.41E-09,2.33E-09,2.25E-09,2.19E-09,2.14E-09,2.09E-09,2.05E-09,2.02E-09,1.98E-09,1.96E-09,1.93E-09,1.91E-09,1.89E-09
15,21,8.90E-05,1.00E-06,3.34E-08,5.46E-09,2.44E-09,1.73E-09,1.48E-09,1.36E-09,1.29E-09,1.24E-09,1.20E-09,1.17E-09,1.14E-09,1.11E-09,1.09E-09,1.07E-09,1.05E-09,1.03E-09,1.02E-09,1.00E-09,9.93E-10
15,22,4.64E-05,5.22E-07,1.74E-08,2.84E-09,1.27E-09,8.96E-10,7.66E-10,7.04E-10,6.67E-10,6.39E-10,6.17E-10,5.98E-10,5.81E-10,5.67E-10,5.54E-10,5.42E-10,5.32E-10,5.23E-10,5.15E-10,5.08E-10,5.02E-10
15,23,2.33E-05,2.61E-07,8.73E-09,1.42E-09,6.32E-10,4.47E-10,3.81E-10,3.50E-10,3.30E-10,3.16E-10,3.04E-10,2.94E-10,2.86E-10,2.78E-10,2.71E-10,2.65E-10,2.60E-10,2.55E-10,2.51E-10,2.48E-10,2.44E-10
15,24,1.13E-05,1.26E-07,4.21E-09,6.86E-10,3.04E-10,2.14E-10,1.82E-10,1.67E-10,1.58E-10,1.50E-10,1.45E-10,1.40E-10,1.35E-10,1.32E-10,1.28E-10,1.25E-10,1.23E-10,1.20E-10,1.18E-10,1.16E-10,1.15E-10
15,25,5.23E-06,5.85E-08,1.95E-09,3.19E-10,1.41E-10,9.93E-11,8.43E-11,7.71E-11,7.25E-11,6.92E-11,6.64E-11,6.40E-11,6.19E-11,6.01E-11,5.85E-11,5.71E-11,5.58E-11,5.47E-11,5.37E-11,5.28E-11,5.20E-11
15,26,2.35E-06,2.62E-08,8.76E-10,1.43E-10,6.31E-11,4.43E-11,3.76E-11,3.43E-11,3.23E-11,3.07E-11,2.94E-11,2.83E-11,2.74E-11,2.65E-11,2.58E-11,2.51E-11,2.46E-11,2.40E-11,2.36E-11,2.32E-11,2.28E-11
15,27,1.02E-06,1.13E-08,3.80E-10,6.17E-11,2.73E-11,1.91E-11,1.62E-11,1.48E-11,1.39E-11,1.32E-11,1.26E-11,1.21E-11,1.17E-11,1.13E-11,1.10E-11,1.07E-11,1.05E-11,1.02E-11,1.00E-11,9.84E-12,9.68E-12
15,28,4.27E-07,4.75E-09,1.59E-10,2.58E-11,1.14E-11,8.00E-12,6.76E-12,6.16E-12,5.77E-12,5.48E-12,5.24E-12,5.03E-12,4.85E-12,4.69E-12,4.55E-12,4.43E-12,4.31E-12,4.22E-12,4.13E-12,4.05E-12,3.99E-12
15,29,1.73E-07,1.93E-09,6.44E-11,1.05E-11,4.61E-12,3.23E-12,2.73E-12,2.48E-12,2.33E-12,2.21E-12,2.11E-12,2.02E-12,1.95E-12,1.88E-12,1.82E-12,1.77E-12,1.73E-12,1.69E-12,1.65E-12,1.62E-12,1.59E-12
15,30,6.81E-08,7.56E-10,2.53E-11,4.11E-12,1.81E-12,1.27E-12,1.07E-12,9.72E-13,9.08E-13,8.61E-13,8.22E-13,7.87E-13,7.58E-13,7.32E-13,7.09E-13,6.88E-13,6.70E-13,6.54E-13,6.39E-13,6.27E-13,6.15E-13
15,31,2.60E-08,2.87E-10,9.62E-12,1.56E-12,6.88E-13,4.82E-13,4.06E-13,3.69E-13,3.44E-13,3.26E-13,3.11E-13,2.98E-13,2.86E-13,2.76E-13,2.67E-13,2.60E-13,2.52E-13,2.46E-13,2.41E-13,2.36E-13,2.31E-13
15,32,9.60E-09,1.06E-10,3.55E-12,5.77E-13,2.54E-13,1.78E-13,1.50E-13,1.36E-13,1.27E-13,1.20E-13,1.14E-13,1.09E-13,1.05E-13,1.01E-13,9.80E-14,9.51E-14,9.24E-14,9.01E-14,8.81E-14,8.62E-14,8.46E-14
15,33,3.45E-09,3.81E-11,1.27E-12,2.07E-13,9.10E-14,6.36E-14,5.36E-14,4.86E-14,4.53E-14,4.29E-14,4.08E-14,3.91E-14,3.75E-14,3.61E-14,3.49E-14,3.39E-14,3.29E-14,3.20E-14,3.13E-14,3.06E-14,3.01E-14
15,34,1.20E-09,1.33E-11,4.44E-13,7.21E-14,3.17E-14,2.22E-14,1.87E-14,1.69E-14,1.58E-14,1.49E-14,1.42E-14,1.36E-14,1.30E-14,1.25E-14,1.21E-14,1.17E-14,1.14E-14,1.11E-14,1.08E-14,1.06E-14,1.04E-14
15,35,4.08E-10,4.50E-12,1.51E-13,2.44E-14,1.08E-14,7.51E-15,6.32E-15,5.72E-15,5.33E-15,5.04E-15,4.79E-15,4.58E-15,4.39E-15,4.23E-15,4.08E-15,3.96E-15,3.84E-15,3.74E-15,3.65E-15,3.57E-15,3.50E-15
15,36,1.35E-10,1.49E-12,4.97E-14,8.07E-15,3.55E-15,2.48E-15,2.08E-15,1.89E-15,1.76E-15,1.66E-15,1.58E-15,1.51E-15,1.44E-15,1.39E-15,1.34E-15,1.30E-15,1.26E-15,1.23E-15,1.20E-15,1.17E-15,1.15E-15
15,37,4.34E-11,4.77E-13,1.60E-14,2.63E-15,1.14E-15,7.95E-16,6.69E-16,6.05E-16,5.64E-16,5.32E-16,5.05E-16,4.83E-16,4.62E-16,4.45E-16,4.29E-16,4.16E-16,4.03E-16,3.93E-16,3.83E-16,3.75E-16,3.67E-16
15,38,1.36E-11,1.49E-13,5.00E-15,8.34E-16,3.57E-16,2.49E-16,2.09E-16,1.89E-16,1.76E-16,1.66E-16,1.58E-16,1.51E-16,1.44E-16,1.39E-16,1.34E-16,1.30E-16,1.26E-16,1.22E-16,1.19E-16,1.17E-16,1.14E-16
15,39,4.15E-12,4.56E-14,1.52E-15,2.73E-16,1.09E-16,7.59E-17,6.39E-17,5.77E-17,5.38E-17,5.07E-17,4.81E-17,4.59E-17,4.40E-17,4.23E-17,4.08E-17,3.95E-17,3.83E-17,3.72E-17,3.63E-17,3.55E-17,3.47E-17
15,40,1.24E-12,1.36E-14,4.54E-16,8.79E-17,3.24E-17,2.26E-17,1.90E-17,1.72E-17,1.60E-17,1.51E-17,1.43E-17,1.37E-17,1.31E-17,1.26E-17,1.21E-17,1.17E-17,1.14E-17,1.11E-17,1.08E-17,1.05E-17,1.03E-17
15,41,3.60E-13,3.94E-15,1.32E-16,1.82E-17,9.42E-18,6.80E-18,5.42E-18,4.78E-18,4.62E-18,4.38E-18,4.16E-18,3.96E-18,3.79E-18,3.65E-18,3.53E-18,3.40E-18,3.30E-18,3.21E-18,3.12E-18,3.05E-18,2.99E-18
15,42,1.02E-13,1.12E-15,3.62E-17,2.43E-17,2.67E-18,1.64E-18,1.43E-18,1.52E-18,1.30E-18,1.23E-18,1.18E-18,1.12E-18,1.08E-18,1.03E-18,1.01E-18,9.64E-19,9.34E-19,9.08E-19,8.85E-19,8.64E-19,8.46E-19
15,43,2.84E-14,3.10E-16,1.05E-17,-4.32E-18,7.43E-19,6.92E-19,4.03E-19,4.95E-19,3.69E-19,3.37E-19,3.25E-19,3.11E-19,2.98E-19,2.86E-19,2.80E-19,2.68E-19,2.59E-19,2.51E-19,2.45E-19,2.39E-19,2.34E-19
15,44,7.70E-15,8.42E-17,5.07E-18,-3.62E-18,2.01E-19,1.97E-19,1.38E-20,9.13E-20,8.98E-20,8.75E-20,8.95E-20,8.44E-20,8.08E-20,7.76E-20,6.24E-20,7.23E-20,7.01E-20,6.81E-20,6.66E-20,6.47E-20,6.34E-20
15,45,2.04E-15,2.23E-17,1.86E-18,3.59E-18,5.32E-20,8.46E-20,8.09E-20,3.39E-20,8.45E-21,2.29E-20,2.34E-20,2.24E-20,2.14E-20,2.06E-20,4.69E-20,1.80E-20,1.85E-20,1.80E-20,1.74E-20,1.71E-20,1.68E-20
15,46,5.30E-16,5.79E-18,2.83E-19,-1.30E-17,1.38E-20,-3.92E-21,1.72E-22,7.98E-21,-1.19E-21,4.72E-21,5.92E-21,5.82E-21,5.55E-21,5.33E-21,4.60E-21,5.48E-21,4.83E-21,4.67E-21,4.68E-21,4.44E-21,4.35E-21
15,47,1.35E-16,1.47E-18,2.02E-19,1.53E-18,3.28E-21,6.27E-21,-2.26E-20,-1.47E-20,6.32E-22,6.95E-22,1.45E-21,1.48E-21,1.41E-21,1.35E-21,-5.52E-21,1.21E-21,1.23E-21,1.19E-21,9.75E-22,1.13E-21,1.10E-21
15,48,3.36E-17,3.69E-19,2.32E-19,-5.66E-19,8.84E-22,-1.55E-20,-1.06E-21,7.83E-21,-1.29E-21,1.24E-21,2.90E-22,3.77E-22,3.50E-22,3.37E-22,-6.98E-22,1.94E-22,3.09E-22,2.95E-22,3.07E-22,2.82E-22,2.74E-22
15,49,8.19E-18,9.03E-20,8.54E-20,-7.97E-19,2.13E-22,1.57E-21,7.02E-21,6.36E-23,-2.60E-22,1.64E-22,1.16E-22,8.87E-23,8.55E-23,8.20E-23,1.04E-21,8.80E-23,7.27E-23,7.17E-23,8.85E-23,6.80E-23,6.68E-23
15,50,1.37E-18,1.50E-20,2.21E-21,2.39E-19,3.66E-23,1.47E-21,-1.92E-21,5.40E-22,-1.49E-22,8.18E-23,6.95E-24,1.48E-23,1.37E-23,1.30E-23,-3.53E-23,1.76E-23,1.19E-23,1.12E-23,1.25E-23,1.07E-23,1.04E-23
16,0,6.31E-07,3.78E-09,9.21E-11,1.34E-11,5.88E-12,4.30E-12,3.85E-12,3.71E-12,3.68E-12,3.68E-12,3.69E-12,3.71E-12,3.72E-12,3.74E-12,3.75E-12,3.76E-12,3.77E-12,3.78E-12,3.78E-12,3.79E-12,3.79E-12
16,1,6.44E-06,3.87E-08,9.41E-10,1.37E-10,6.01E-11,4.39E-11,3.92E-11,3.78E-11,3.74E-11,3.74E-11,3.75E-11,3.76E-11,3.77E-11,3.78E-11,3.79E-11,3.80E-11,3.81E-11,3.82E-11,3.82E-11,3.83E-11,3.84E-11
16,2,3.30E-05,1.98E-07,4.83E-09,7.00E-10,3.07E-10,2.24E-10,2.00E-10,1.93E-10,1.90E-10,1.90E-10,1.90E-10,1.91E-10,1.91E-10,1.92E-10,1.92E-10,1.93E-10,1.93E-10,1.93E-10,1.94E-10,1.94E-10,1.94E-10
16,3,1.13E-04,6.79E-07,1.66E-08,2.40E-09,1.05E-09,7.66E-10,6.82E-10,6.55E-10,6.48E-10,6.46E-10,6.46E-10,6.47E-10,6.49E-10,6.50E-10,6.51E-10,6.52E-10,6.53E-10,6.53E-10,6.54E-10,6.55E-10,6.55E-10
16,4,2.92E-04,1.75E-06,4.28E-08,6.19E-09,2.71E-09,1.97E-09,1.75E-09,1.68E-09,1.66E-09,1.65E-09,1.65E-09,1.65E-09,1.65E-09,1.65E-09,1.66E-09,1.66E-09,1.66E-09,1.66E-09,1.66E-09,1.66E-09,1.66E-09
16,5,6.05E-04,3.62E-06,8.87E-08,1.28E-08,5.60E-09,4.06E-09,3.60E-09,3.45E-09,3.40E-09,3.38E-09,3.38E-09,3.38E-09,3.38E-09,3.38E-09,3.38E-09,3.38E-09,3.38E-09,3.38E-09,3.38E-09,3.38E-09,3.38E-09
16,6,0.001048011,6.27E-06,1.54E-07,2.22E-08,9.69E-09,7.01E-09,6.20E-09,5.93E-09,5.83E-09,5.80E-09,5.78E-09,5.77E-09,5.77E-09,5.77E-09,5.76E-09,5.76E-09,5.76E-09,5.76E-09,5.75E-09,5.75E-09,5.75E-09
16,7,0.001565005,9.36E-06,2.30E-07,3.32E-08,1.44E-08,1.04E-08,9.20E-09,8.78E-09,8.62E-09,8.54E-09,8.51E-09,8.49E-09,8.47E-09,8.46E-09,8.45E-09,8.44E-09,8.43E-09,8.42E-09,8.41E-09,8.41E-09,8.40E-09
16,8,0.002055902,1.23E-05,3.03E-07,4.36E-08,1.89E-08,1.36E-08,1.20E-08,1.14E-08,1.12E-08,1.11E-08,1.10E-08,1.10E-08,1.09E-08,1.09E-08,1.09E-08,1.09E-08,1.08E-08,1.08E-08,1.08E-08,1.08E-08,1.08E-08
16,9,0.002414513,1.44E-05,3.56E-07,5.11E-08,2.21E-08,1.59E-08,1.40E-08,1.32E-08,1.29E-08,1.28E-08,1.27E-08,1.26E-08,1.26E-08,1.25E-08,1.25E-08,1.25E-08,1.24E-08,1.24E-08,1.24E-08,1.23E-08,1.23E-08
16,10,0.002567123,1.53E-05,3.78E-07,5.43E-08,2.34E-08,1.68E-08,1.47E-08,1.39E-08,1.36E-08,1.34E-08,1.33E-08,1.32E-08,1.31E-08,1.30E-08,1.30E-08,1.29E-08,1.29E-08,1.28E-08,1.28E-08,1.28E-08,1.27E-08
16,11,0.002497153,1.48E-05,3.68E-07,5.28E-08,2.27E-08,1.62E-08,1.41E-08,1.34E-08,1.30E-08,1.28E-08,1.26E-08,1.25E-08,1.24E-08,1.24E-08,1.23E-08,1.22E-08,1.22E-08,1.21E-08,1.21E-08,1.20E-08,1.20E-08
16,12,0.002241462,1.33E-05,3.31E-07,4.73E-08,2.03E-08,1.44E-08,1.26E-08,1.18E-08,1.15E-08,1.13E-08,1.11E-08,1.10E-08,1.09E-08,1.08E-08,1.07E-08,1.07E-08,1.06E-08,1.06E-08,1.05E-08,1.05E-08,1.04E-08
16,13,0.001870678,1.11E-05,2.76E-07,3.94E-08,1.68E-08,1.19E-08,1.04E-08,9.74E-09,9.42E-09,9.23E-09,9.08E-09,8.97E-09,8.87E-09,8.78E-09,8.71E-09,8.64E-09,8.59E-09,8.53E-09,8.49E-09,8.45E-09,8.41E-09
16,14,0.001459435,8.61E-06,2.15E-07,3.07E-08,1.31E-08,9.23E-09,7.99E-09,7.49E-09,7.22E-09,7.06E-09,6.93E-09,6.83E-09,6.74E-09,6.67E-09,6.60E-09,6.54E-09,6.49E-09,6.44E-09,6.40E-09,6.36E-09,6.33E-09
16,15,0.001069967,6.30E-06,1.58E-07,2.25E-08,9.54E-09,6.71E-09,5.79E-09,5.41E-09,5.20E-09,5.07E-09,4.97E-09,4.89E-09,4.82E-09,4.75E-09,4.70E-09,4.65E-09,4.60E-09,4.57E-09,4.53E-09,4.50E-09,4.47E-09
16,16,7.41E-04,4.35E-06,1.09E-07,1.55E-08,6.57E-09,4.61E-09,3.96E-09,3.69E-09,3.54E-09,3.44E-09,3.37E-09,3.30E-09,3.25E-09,3.20E-09,3.15E-09,3.12E-09,3.08E-09,3.05E-09,3.03E-09,3.00E-09,2.98E-09
16,17,4.86E-04,2.85E-06,7.15E-08,1.02E-08,4.28E-09,3.00E-09,2.57E-09,2.38E-09,2.28E-09,2.21E-09,2.16E-09,2.11E-09,2.07E-09,2.04E-09,2.01E-09,1.98E-09,1.96E-09,1.94E-09,1.92E-09,1.90E-09,1.89E-09
16,18,3.03E-04,1.77E-06,4.45E-08,6.32E-09,2.66E-09,1.85E-09,1.58E-09,1.47E-09,1.40E-09,1.35E-09,1.32E-09,1.29E-09,1.26E-09,1.24E-09,1.22E-09,1.20E-09,1.18E-09,1.17E-09,1.15E-09,1.14E-09,1.13E-09
16,19,1.80E-04,1.05E-06,2.65E-08,3.75E-09,1.57E-09,1.09E-09,9.32E-10,8.60E-10,8.19E-10,7.90E-10,7.66E-10,7.47E-10,7.30E-10,7.15E-10,7.02E-10,6.90E-10,6.80E-10,6.71E-10,6.63E-10,6.56E-10,6.49E-10
16,20,1.02E-04,5.94E-07,1.50E-08,2.12E-09,8.89E-10,6.16E-10,5.24E-10,4.82E-10,4.58E-10,4.40E-10,4.27E-10,4.15E-10,4.05E-10,3.96E-10,3.88E-10,3.81E-10,3.75E-10,3.69E-10,3.64E-10,3.60E-10,3.56E-10
16,21,5.57E-05,3.22E-07,8.15E-09,1.15E-09,4.81E-10,3.33E-10,2.82E-10,2.59E-10,2.45E-10,2.36E-10,2.28E-10,2.21E-10,2.15E-10,2.10E-10,2.06E-10,2.02E-10,1.98E-10,1.95E-10,1.92E-10,1.90E-10,1.87E-10
16,22,2.91E-05,1.68E-07,4.25E-09,6.00E-10,2.50E-10,1.73E-10,1.46E-10,1.34E-10,1.26E-10,1.21E-10,1.17E-10,1.13E-10,1.10E-10,1.07E-10,1.05E-10,1.02E-10,1.01E-10,9.88E-11,9.73E-11,9.59E-11,9.47E-11
16,23,1.46E-05,8.40E-08,2.13E-09,3.00E-10,1.25E-10,8.61E-11,7.26E-11,6.64E-11,6.26E-11,5.98E-11,5.76E-11,5.57E-11,5.41E-11,5.26E-11,5.13E-11,5.01E-11,4.92E-11,4.82E-11,4.75E-11,4.67E-11,4.61E-11
16,24,7.05E-06,4.04E-08,1.03E-09,1.45E-10,6.01E-11,4.13E-11,3.48E-11,3.17E-11,2.99E-11,2.85E-11,2.74E-11,2.64E-11,2.56E-11,2.49E-11,2.42E-11,2.37E-11,2.32E-11,2.27E-11,2.23E-11,2.20E-11,2.17E-11
16,25,3.28E-06,1.88E-08,4.77E-10,6.71E-11,2.79E-11,1.91E-11,1.61E-11,1.46E-11,1.38E-11,1.31E-11,1.26E-11,1.21E-11,1.17E-11,1.14E-11,1.11E-11,1.08E-11,1.05E-11,1.03E-11,1.01E-11,9.98E-12,9.82E-12
16,26,1.47E-06,8.41E-09,2.14E-10,3.01E-11,1.25E-11,8.54E-12,7.17E-12,6.52E-12,6.12E-12,5.82E-12,5.58E-12,5.36E-12,5.18E-12,5.02E-12,4.88E-12,4.75E-12,4.64E-12,4.54E-12,4.46E-12,4.38E-12,4.31E-12
16,27,6.39E-07,3.64E-09,9.25E-11,1.30E-11,5.39E-12,3.69E-12,3.09E-12,2.81E-12,2.63E-12,2.50E-12,2.39E-12,2.30E-12,2.22E-12,2.15E-12,2.08E-12,2.03E-12,1.98E-12,1.93E-12,1.90E-12,1.86E-12,1.83E-12
16,28,2.68E-07,1.52E-09,3.88E-11,5.45E-12,2.25E-12,1.54E-12,1.29E-12,1.17E-12,1.09E-12,1.04E-12,9.92E-13,9.52E-13,9.18E-13,8.88E-13,8.61E-13,8.37E-13,8.16E-13,7.97E-13,7.80E-13,7.66E-13,7.53E-13
16,29,1.09E-07,6.17E-10,1.57E-11,2.21E-12,9.12E-13,6.23E-13,5.21E-13,4.72E-13,4.41E-13,4.18E-13,3.99E-13,3.83E-13,3.68E-13,3.56E-13,3.45E-13,3.35E-13,3.26E-13,3.19E-13,3.12E-13,3.06E-13,3.00E-13
16,30,4.27E-08,2.42E-10,6.16E-12,8.66E-13,3.58E-13,2.44E-13,2.04E-13,1.84E-13,1.72E-13,1.63E-13,1.56E-13,1.49E-13,1.43E-13,1.38E-13,1.34E-13,1.30E-13,1.27E-13,1.24E-13,1.21E-13,1.18E-13,1.16E-13
16,31,1.63E-08,9.20E-11,2.35E-12,3.29E-13,1.36E-13,9.27E-14,7.74E-14,7.00E-14,6.53E-14,6.18E-14,5.88E-14,5.64E-14,5.42E-14,5.23E-14,5.06E-14,4.91E-14,4.77E-14,4.65E-14,4.55E-14,4.46E-14,4.37E-14
16,32,6.02E-09,3.40E-11,8.66E-13,1.22E-13,5.02E-14,3.42E-14,2.85E-14,2.58E-14,2.40E-14,2.27E-14,2.16E-14,2.07E-14,1.99E-14,1.92E-14,1.85E-14,1.80E-14,1.75E-14,1.70E-14,1.66E-14,1.63E-14,1.60E-14
16,33,2.16E-09,1.22E-11,3.11E-13,4.36E-14,1.80E-14,1.23E-14,1.02E-14,9.22E-15,8.60E-15,8.12E-15,7.72E-15,7.39E-15,7.09E-15,6.83E-15,6.60E-15,6.40E-15,6.22E-15,6.06E-15,5.91E-15,5.79E-15,5.68E-15
16,34,7.54E-10,4.25E-12,1.08E-13,1.52E-14,6.27E-15,4.27E-15,3.56E-15,3.21E-15,2.99E-15,2.82E-15,2.68E-15,2.56E-15,2.46E-15,2.37E-15,2.29E-15,2.22E-15,2.15E-15,2.10E-15,2.05E-15,2.00E-15,1.96E-15
16,35,2.56E-10,1.44E-12,3.67E-14,5.15E-15,2.12E-15,1.44E-15,1.20E-15,1.09E-15,1.01E-15,9.53E-16,9.06E-16,8.66E-16,8.31E-16,7.99E-16,7.72E-16,7.48E-16,7.26E-16,7.06E-16,6.89E-16,6.75E-16,6.61E-16
16,36,8.45E-11,4.75E-13,1.21E-14,1.69E-15,7.00E-16,4.76E-16,3.97E-16,3.58E-16,3.33E-16,3.14E-16,2.98E-16,2.85E-16,2.73E-16,2.63E-16,2.53E-16,2.45E-16,2.38E-16,2.32E-16,2.26E-16,2.21E-16,2.17E-16
16,37,2.71E-11,1.52E-13,3.89E-15,5.58E-16,2.25E-16,1.53E-16,1.27E-16,1.15E-16,1.07E-16,1.01E-16,9.56E-17,9.12E-17,8.74E-17,8.41E-17,8.12E-17,7.85E-17,7.62E-17,7.41E-17,7.23E-17,7.07E-17,6.92E-17
16,38,8.51E-12,4.77E-14,1.22E-15,1.72E-16,7.03E-17,4.80E-17,3.98E-17,3.59E-17,3.34E-17,3.14E-17,2.99E-17,2.85E-17,2.73E-17,2.62E-17,2.53E-17,2.45E-17,2.38E-17,2.31E-17,2.25E-17,2.20E-17,2.16E-17
16,39,2.60E-12,1.46E-14,3.71E-16,5.76E-17,2.15E-17,1.45E-17,1.22E-17,1.10E-17,1.02E-17,9.58E-18,9.10E-18,8.68E-18,8.32E-18,7.99E-18,7.70E-18,7.46E-18,7.23E-18,7.03E-18,6.85E-18,6.70E-18,6.56E-18
16,40,7.74E-13,4.33E-15,1.11E-16,1.07E-17,6.39E-18,4.48E-18,3.52E-18,3.27E-18,3.05E-18,2.85E-18,2.71E-18,2.58E-18,2.47E-18,2.37E-18,2.28E-18,2.22E-18,2.15E-18,2.09E-18,2.03E-18,1.99E-18,1.95E-18
16,41,2.25E-13,1.26E-15,3.42E-17,-2.71E-18,1.86E-18,1.24E-18,1.12E-18,9.31E-19,8.82E-19,8.26E-19,7.85E-19,7.49E-19,7.17E-19,6.89E-19,6.79E-19,6.41E-19,6.22E-19,6.05E-19,5.90E-19,5.76E-19,5.64E-19
16,42,6.40E-14,3.58E-16,7.73E-18,4.21E-18,5.27E-19,3.82E-19,2.18E-19,2.91E-19,2.59E-19,2.41E-19,2.23E-19,2.12E-19,2.03E-19,1.95E-19,1.81E-19,1.82E-19,1.76E-19,1.71E-19,1.67E-19,1.63E-19,1.60E-19
16,43,1.78E-14,9.91E-17,2.75E-18,-1.27E-17,1.46E-19,1.31E-19,3.18E-19,1.18E-19,5.89E-20,6.58E-20,6.16E-20,5.88E-20,5.63E-20,5.41E-20,5.87E-20,4.98E-20,4.87E-20,4.75E-20,4.65E-20,4.51E-20,4.42E-20
16,44,4.82E-15,2.69E-17,4.55E-19,-2.95E-18,3.95E-20,3.22E-21,6.26E-20,2.28E-20,-9.76E-22,1.43E-20,1.67E-20,1.59E-20,1.53E-20,1.46E-20,6.08E-21,1.35E-20,1.32E-20,1.28E-20,1.26E-20,1.22E-20,1.20E-20
16,45,1.28E-15,7.13E-18,9.72E-20,5.82E-20,1.04E-20,2.01E-20,6.96E-21,-1.30E-21,7.36E-21,2.46E-21,4.21E-21,4.21E-21,4.04E-21,3.88E-21,6.32E-21,3.93E-21,3.49E-21,3.40E-21,3.44E-21,3.23E-21,3.17E-21
16,46,3.32E-16,1.85E-18,2.74E-19,3.79E-18,2.63E-21,-1.66E-20,2.81E-20,3.49E-21,5.80E-21,2.82E-22,1.17E-21,1.08E-21,1.05E-21,1.01E-21,2.66E-21,7.39E-22,9.11E-22,8.82E-22,9.31E-22,8.37E-22,8.20E-22
16,47,8.44E-17,4.69E-19,-9.08E-20,4.58E-19,6.86E-22,5.72E-21,3.67E-20,5.42E-21,1.13E-21,1.36E-21,3.68E-22,2.88E-22,2.66E-22,2.56E-22,2.90E-21,1.39E-22,2.29E-22,2.24E-22,2.30E-22,2.12E-22,2.08E-22
16,48,2.10E-17,1.16E-19,-3.08E-19,6.30E-19,1.74E-22,1.06E-22,1.12E-21,1.47E-21,6.35E-22,-1.27E-22,6.73E-23,7.32E-23,6.63E-23,6.35E-23,-1.44E-21,9.96E-23,6.12E-23,5.56E-23,7.22E-23,5.41E-23,5.17E-23
16,49,5.12E-18,2.86E-20,-1.99E-20,-2.24E-19,4.63E-24,-5.26E-22,1.73E-20,2.05E-22,-5.43E-22,8.36E-23,-6.67E-24,1.80E-23,1.61E-23,1.55E-23,-8.33E-22,2.88E-23,1.70E-23,1.35E-23,1.33E-24,1.26E-23,1.26E-23
16,50,8.57E-19,4.81E-21,1.42E-20,-9.27E-20,8.48E-24,-2.21E-22,-1.03E-21,1.42E-23,-2.17E-22,-2.82E-23,1.57E-24,2.60E-24,2.59E-24,2.46E-24,2.20E-22,-1.85E-23,2.22E-24,2.12E-24,1.60E-24,2.01E-24,1.95E-24
17,0,3.70E-07,1.13E-09,2.10E-11,2.63E-12,1.09E-12,7.74E-13,6.85E-13,6.59E-13,6.52E-13,6.51E-13,6.53E-13,6.55E-13,6.57E-13,6.59E-13,6.61E-13,6.63E-13,6.64E-13,6.66E-13,6.67E-13,6.68E-13,6.69E-13
17,1,3.78E-06,1.16E-08,2.15E-10,2.69E-11,1.11E-11,7.89E-12,6.98E-12,6.70E-12,6.62E-12,6.61E-12,6.62E-12,6.64E-12,6.66E-12,6.68E-12,6.69E-12,6.71E-12,6.72E-12,6.73E-12,6.74E-12,6.75E-12,6.76E-12
17,2,1.94E-05,5.93E-08,1.10E-09,1.38E-10,5.68E-11,4.04E-11,3.56E-11,3.42E-11,3.37E-11,3.36E-11,3.37E-11,3.38E-11,3.38E-11,3.39E-11,3.40E-11,3.40E-11,3.41E-11,3.41E-11,3.41E-11,3.42E-11,3.42E-11
17,3,6.64E-05,2.03E-07,3.78E-09,4.73E-10,1.94E-10,1.38E-10,1.22E-10,1.16E-10,1.15E-10,1.14E-10,1.14E-10,1.14E-10,1.15E-10,1.15E-10,1.15E-10,1.15E-10,1.15E-10,1.15E-10,1.15E-10,1.15E-10,1.16E-10
17,4,1.71E-04,5.23E-07,9.77E-09,1.22E-09,5.01E-10,3.55E-10,3.12E-10,2.98E-10,2.94E-10,2.92E-10,2.92E-10,2.92E-10,2.92E-10,2.92E-10,2.92E-10,2.93E-10,2.93E-10,2.93E-10,2.93E-10,2.93E-10,2.93E-10
17,5,3.55E-04,1.08E-06,2.03E-08,2.53E-09,1.04E-09,7.32E-10,6.43E-10,6.13E-10,6.03E-10,5.99E-10,5.98E-10,5.97E-10,5.97E-10,5.97E-10,5.97E-10,5.97E-10,5.97E-10,5.97E-10,5.97E-10,5.97E-10,5.97E-10
17,6,6.16E-04,1.87E-06,3.52E-08,4.39E-09,1.79E-09,1.26E-09,1.11E-09,1.05E-09,1.03E-09,1.03E-09,1.02E-09,1.02E-09,1.02E-09,1.02E-09,1.02E-09,1.02E-09,1.02E-09,1.02E-09,1.02E-09,1.02E-09,1.01E-09
17,7,9.20E-04,2.79E-06,5.26E-08,6.56E-09,2.67E-09,1.88E-09,1.64E-09,1.56E-09,1.53E-09,1.51E-09,1.51E-09,1.50E-09,1.50E-09,1.50E-09,1.49E-09,1.49E-09,1.49E-09,1.49E-09,1.49E-09,1.48E-09,1.48E-09
17,8,0.001208545,3.66E-06,6.91E-08,8.61E-09,3.50E-09,2.46E-09,2.14E-09,2.03E-09,1.98E-09,1.96E-09,1.95E-09,1.94E-09,1.93E-09,1.93E-09,1.92E-09,1.92E-09,1.91E-09,1.91E-09,1.91E-09,1.91E-09,1.90E-09
17,9,0.001419664,4.29E-06,8.12E-08,1.01E-08,4.10E-09,2.87E-09,2.49E-09,2.36E-09,2.30E-09,2.27E-09,2.25E-09,2.24E-09,2.23E-09,2.22E-09,2.21E-09,2.20E-09,2.20E-09,2.19E-09,2.18E-09,2.18E-09,2.18E-09
17,10,0.001509236,4.55E-06,8.64E-08,1.07E-08,4.34E-09,3.03E-09,2.63E-09,2.48E-09,2.41E-09,2.38E-09,2.35E-09,2.33E-09,2.32E-09,2.31E-09,2.29E-09,2.29E-09,2.28E-09,2.27E-09,2.26E-09,2.26E-09,2.25E-09
17,11,0.001469233,4.41E-06,8.41E-08,1.04E-08,4.21E-09,2.93E-09,2.53E-09,2.38E-09,2.31E-09,2.27E-09,2.25E-09,2.22E-09,2.21E-09,2.19E-09,2.18E-09,2.16E-09,2.16E-09,2.15E-09,2.14E-09,2.13E-09,2.12E-09
17,12,0.001318902,3.94E-06,7.55E-08,9.37E-09,3.76E-09,2.61E-09,2.25E-09,2.11E-09,2.04E-09,2.00E-09,1.97E-09,1.95E-09,1.93E-09,1.92E-09,1.90E-09,1.89E-09,1.88E-09,1.87E-09,1.86E-09,1.85E-09,1.85E-09
17,13,0.001101087,3.28E-06,6.30E-08,7.80E-09,3.13E-09,2.16E-09,1.86E-09,1.74E-09,1.68E-09,1.64E-09,1.61E-09,1.59E-09,1.57E-09,1.56E-09,1.54E-09,1.53E-09,1.52E-09,1.51E-09,1.50E-09,1.49E-09,1.49E-09
17,14,8.59E-04,2.55E-06,4.91E-08,6.08E-09,2.43E-09,1.67E-09,1.43E-09,1.34E-09,1.29E-09,1.26E-09,1.23E-09,1.21E-09,1.20E-09,1.18E-09,1.17E-09,1.16E-09,1.15E-09,1.14E-09,1.13E-09,1.13E-09,1.12E-09
17,15,6.30E-04,1.86E-06,3.60E-08,4.45E-09,1.77E-09,1.22E-09,1.04E-09,9.65E-10,9.27E-10,9.03E-10,8.84E-10,8.69E-10,8.55E-10,8.44E-10,8.33E-10,8.25E-10,8.16E-10,8.09E-10,8.03E-10,7.98E-10,7.93E-10
17,16,4.36E-04,1.28E-06,2.49E-08,3.07E-09,1.22E-09,8.34E-10,7.11E-10,6.59E-10,6.31E-10,6.12E-10,5.99E-10,5.87E-10,5.77E-10,5.68E-10,5.60E-10,5.53E-10,5.47E-10,5.42E-10,5.37E-10,5.33E-10,5.29E-10
17,17,2.86E-04,8.38E-07,1.63E-08,2.01E-09,7.97E-10,5.43E-10,4.61E-10,4.26E-10,4.07E-10,3.94E-10,3.84E-10,3.76E-10,3.68E-10,3.62E-10,3.57E-10,3.52E-10,3.47E-10,3.43E-10,3.40E-10,3.37E-10,3.34E-10
17,18,1.79E-04,5.20E-07,1.02E-08,1.25E-09,4.94E-10,3.36E-10,2.84E-10,2.62E-10,2.50E-10,2.41E-10,2.34E-10,2.29E-10,2.24E-10,2.20E-10,2.16E-10,2.13E-10,2.10E-10,2.07E-10,2.05E-10,2.03E-10,2.01E-10
17,19,1.06E-04,3.08E-07,6.04E-09,7.43E-10,2.92E-10,1.98E-10,1.67E-10,1.54E-10,1.46E-10,1.41E-10,1.37E-10,1.33E-10,1.30E-10,1.27E-10,1.25E-10,1.23E-10,1.21E-10,1.19E-10,1.18E-10,1.16E-10,1.15E-10
17,20,6.04E-05,1.74E-07,3.42E-09,4.21E-10,1.65E-10,1.12E-10,9.41E-11,8.62E-11,8.17E-11,7.85E-11,7.60E-11,7.39E-11,7.20E-11,7.04E-11,6.90E-11,6.77E-11,6.66E-11,6.56E-11,6.47E-11,6.39E-11,6.33E-11
17,21,3.29E-05,9.45E-08,1.86E-09,2.28E-10,8.95E-11,6.04E-11,5.07E-11,4.63E-11,4.38E-11,4.20E-11,4.06E-11,3.94E-11,3.83E-11,3.74E-11,3.65E-11,3.58E-11,3.52E-11,3.46E-11,3.41E-11,3.37E-11,3.33E-11
17,22,1.72E-05,4.91E-08,9.69E-10,1.19E-10,4.65E-11,3.13E-11,2.62E-11,2.39E-11,2.26E-11,2.16E-11,2.08E-11,2.01E-11,1.96E-11,1.91E-11,1.86E-11,1.82E-11,1.79E-11,1.76E-11,1.73E-11,1.70E-11,1.68E-11
17,23,8.61E-06,2.46E-08,4.85E-10,5.95E-11,2.32E-11,1.56E-11,1.30E-11,1.19E-11,1.12E-11,1.07E-11,1.03E-11,9.92E-12,9.62E-12,9.36E-12,9.13E-12,8.92E-12,8.74E-12,8.58E-12,8.43E-12,8.30E-12,8.20E-12
17,24,4.16E-06,1.18E-08,2.34E-10,2.87E-11,1.12E-11,7.49E-12,6.25E-12,5.68E-12,5.33E-12,5.08E-12,4.88E-12,4.71E-12,4.56E-12,4.43E-12,4.31E-12,4.21E-12,4.12E-12,4.04E-12,3.97E-12,3.91E-12,3.85E-12
17,25,1.93E-06,5.48E-09,1.09E-10,1.33E-11,5.18E-12,3.47E-12,2.89E-12,2.62E-12,2.46E-12,2.34E-12,2.24E-12,2.16E-12,2.09E-12,2.02E-12,1.97E-12,1.92E-12,1.88E-12,1.84E-12,1.80E-12,1.77E-12,1.75E-12
17,26,8.68E-07,2.45E-09,4.87E-11,5.96E-12,2.32E-12,1.55E-12,1.29E-12,1.17E-12,1.09E-12,1.04E-12,9.93E-13,9.56E-13,9.23E-13,8.94E-13,8.69E-13,8.46E-13,8.26E-13,8.08E-13,7.92E-13,7.78E-13,7.66E-13
17,27,3.76E-07,1.06E-09,2.11E-11,2.58E-12,1.00E-12,6.68E-13,5.55E-13,5.02E-13,4.69E-13,4.45E-13,4.26E-13,4.09E-13,3.95E-13,3.82E-13,3.71E-13,3.61E-13,3.52E-13,3.44E-13,3.37E-13,3.31E-13,3.25E-13
17,28,1.58E-07,4.43E-10,8.82E-12,1.08E-12,4.19E-13,2.79E-13,2.31E-13,2.09E-13,1.95E-13,1.85E-13,1.77E-13,1.70E-13,1.63E-13,1.58E-13,1.53E-13,1.49E-13,1.45E-13,1.42E-13,1.39E-13,1.36E-13,1.34E-13
17,29,6.41E-08,1.79E-10,3.57E-12,4.37E-13,1.69E-13,1.13E-13,9.35E-14,8.43E-14,7.87E-14,7.45E-14,7.11E-14,6.81E-14,6.56E-14,6.33E-14,6.14E-14,5.96E-14,5.80E-14,5.67E-14,5.55E-14,5.44E-14,5.34E-14
17,30,2.52E-08,7.03E-11,1.40E-12,1.71E-13,6.64E-14,4.42E-14,3.66E-14,3.30E-14,3.07E-14,2.91E-14,2.77E-14,2.66E-14,2.55E-14,2.46E-14,2.39E-14,2.31E-14,2.25E-14,2.20E-14,2.15E-14,2.11E-14,2.07E-14
17,31,9.59E-09,2.67E-11,5.33E-13,6.52E-14,2.53E-14,1.68E-14,1.39E-14,1.25E-14,1.17E-14,1.10E-14,1.05E-14,1.00E-14,9.65E-15,9.30E-15,9.00E-15,8.73E-15,8.49E-15,8.28E-15,8.09E-15,7.92E-15,7.78E-15
17,32,3.55E-09,9.86E-12,1.97E-13,2.41E-14,9.32E-15,6.19E-15,5.12E-15,4.60E-15,4.29E-15,4.05E-15,3.85E-15,3.69E-15,3.54E-15,3.41E-15,3.30E-15,3.20E-15,3.11E-15,3.03E-15,2.96E-15,2.90E-15,2.84E-15
17,33,1.27E-09,3.53E-12,7.06E-14,8.65E-15,3.34E-15,2.22E-15,1.83E-15,1.65E-15,1.53E-15,1.45E-15,1.38E-15,1.32E-15,1.26E-15,1.22E-15,1.17E-15,1.14E-15,1.11E-15,1.08E-15,1.05E-15,1.03E-15,1.01E-15
17,34,4.44E-10,1.23E-12,2.46E-14,3.00E-15,1.16E-15,7.72E-16,6.38E-16,5.73E-16,5.33E-16,5.03E-16,4.78E-16,4.57E-16,4.38E-16,4.21E-16,4.07E-16,3.94E-16,3.83E-16,3.73E-16,3.64E-16,3.56E-16,3.49E-16
17,35,1.51E-10,4.17E-13,8.33E-15,1.04E-15,3.94E-16,2.62E-16,2.16E-16,1.94E-16,1.80E-16,1.70E-16,1.61E-16,1.54E-16,1.48E-16,1.42E-16,1.37E-16,1.33E-16,1.29E-16,1.26E-16,1.23E-16,1.20E-16,1.17E-16
17,36,4.98E-11,1.37E-13,2.75E-15,3.41E-16,1.30E-16,8.62E-17,7.11E-17,6.39E-17,5.93E-17,5.59E-17,5.31E-17,5.07E-17,4.86E-17,4.67E-17,4.51E-17,4.36E-17,4.24E-17,4.12E-17,4.02E-17,3.93E-17,3.85E-17
17,37,1.60E-11,4.41E-14,8.82E-16,1.01E-16,4.17E-17,2.77E-17,2.28E-17,2.05E-17,1.90E-17,1.79E-17,1.70E-17,1.62E-17,1.56E-17,1.50E-17,1.44E-17,1.40E-17,1.35E-17,1.32E-17,1.29E-17,1.26E-17,1.23E-17
17,38,5.01E-12,1.38E-14,2.76E-16,3.81E-17,1.31E-17,8.67E-18,7.15E-18,6.40E-18,5.95E-18,5.60E-18,5.32E-18,5.07E-18,4.85E-18,4.67E-18,4.50E-18,4.36E-18,4.23E-18,4.11E-18,4.00E-18,3.91E-18,3.83E-18
17,39,1.53E-12,4.21E-15,8.42E-17,1.28E-17,3.98E-18,2.66E-18,2.18E-18,1.96E-18,1.81E-18,1.70E-18,1.62E-18,1.54E-18,1.48E-18,1.42E-18,1.37E-18,1.32E-18,1.28E-18,1.25E-18,1.22E-18,1.19E-18,1.17E-18
17,40,4.57E-13,1.25E-15,2.53E-17,1.45E-17,1.19E-18,7.73E-19,5.81E-19,5.63E-19,5.40E-19,5.05E-19,4.81E-19,4.59E-19,4.39E-19,4.22E-19,4.19E-19,3.94E-19,3.81E-19,3.71E-19,3.61E-19,3.53E-19,3.46E-19
17,41,1.33E-13,3.64E-16,7.33E-18,-5.18E-19,3.44E-19,2.28E-19,3.10E-19,1.56E-19,1.67E-19,1.45E-19,1.40E-19,1.33E-19,1.27E-19,1.22E-19,1.08E-19,1.15E-19,1.11E-19,1.08E-19,1.05E-19,1.02E-19,1.00E-19
17,42,3.77E-14,1.03E-16,2.29E-18,-8.96E-18,9.78E-20,6.00E-20,-6.51E-20,4.75E-20,3.54E-20,3.82E-20,3.94E-20,3.78E-20,3.61E-20,3.47E-20,4.02E-20,3.30E-20,3.13E-20,3.04E-20,2.97E-20,2.90E-20,2.84E-20
17,43,1.05E-14,2.87E-17,5.91E-19,-1.24E-17,2.72E-20,1.78E-20,-1.18E-19,1.97E-20,3.98E-21,1.19E-20,1.11E-20,1.05E-20,1.00E-20,9.61E-21,1.35E-20,9.01E-21,8.65E-21,8.42E-21,8.31E-21,8.02E-21,7.85E-21
17,44,2.84E-15,7.77E-18,1.01E-19,-1.52E-18,7.18E-21,2.73E-20,-3.49E-20,1.91E-20,6.41E-21,2.72E-21,3.16E-21,2.83E-21,2.71E-21,2.60E-21,-7.51E-21,2.15E-21,2.34E-21,2.28E-21,2.06E-21,2.17E-21,2.12E-21
17,45,7.54E-16,2.06E-18,1.77E-20,3.69E-19,1.95E-21,1.24E-20,1.24E-21,9.66E-22,2.32E-21,2.05E-21,4.71E-22,7.46E-22,7.18E-22,6.90E-22,4.42E-23,6.40E-22,6.05E-22,6.04E-22,6.59E-22,5.73E-22,5.62E-22
17,46,1.96E-16,5.31E-19,-5.36E-20,-4.61E-19,4.97E-22,4.53E-21,-5.62E-21,-9.47E-22,1.24E-21,6.93E-22,2.61E-22,1.93E-22,1.86E-22,1.79E-22,-1.95E-21,2.04E-22,1.49E-22,1.57E-22,1.30E-22,1.48E-22,1.46E-22
17,47,4.97E-17,1.34E-19,-7.16E-20,4.27E-19,1.29E-22,2.56E-21,-3.11E-21,-4.47E-22,1.51E-21,4.67E-22,5.98E-23,4.76E-23,4.74E-23,4.54E-23,6.51E-22,2.12E-22,4.11E-23,3.97E-23,3.43E-23,3.84E-23,3.69E-23
17,48,1.24E-17,3.32E-20,-4.89E-21,3.68E-20,4.51E-23,-3.96E-22,-8.10E-21,-1.19E-21,-1.83E-22,-1.08E-22,3.37E-23,1.43E-23,1.18E-23,1.13E-23,-2.46E-22,1.53E-23,8.64E-24,9.87E-24,-1.78E-23,9.49E-24,9.18E-24
17,49,3.02E-18,8.13E-21,-1.08E-20,-3.60E-19,4.99E-24,-1.29E-22,-2.20E-21,-8.08E-22,-1.19E-22,9.10E-23,1.62E-24,2.45E-24,2.87E-24,2.75E-24,2.90E-22,3.81E-23,3.31E-24,2.40E-24,2.40E-24,2.52E-24,2.23E-24
17,50,5.05E-19,1.34E-21,-2.49E-21,4.61E-20,-6.89E-25,-2.99E-22,-6.15E-22,-1.12E-22,6.79E-23,1.16E-23,1.54E-24,2.50E-25,4.56E-25,4.38E-25,3.61E-23,1.79E-25,3.73E-25,3.76E-25,1.56E-24,3.62E-25,3.47E-25
18,0,2.05E-07,3.08E-10,4.49E-12,4.89E-13,1.89E-13,1.32E-13,1.15E-13,1.10E-13,1.09E-13,1.09E-13,1.09E-13,1.09E-13,1.10E-13,1.10E-13,1.10E-13,1.10E-13,1.11E-13,1.11E-13,1.11E-13,1.11E-13,1.11E-13
18,1,2.10E-06,3.15E-09,4.59E-11,5.00E-12,1.93E-12,1.34E-12,1.18E-12,1.12E-12,1.11E-12,1.10E-12,1.11E-12,1.11E-12,1.11E-12,1.11E-12,1.12E-12,1.12E-12,1.12E-12,1.12E-12,1.12E-12,1.12E-12,1.12E-12
18,2,1.07E-05,1.61E-08,2.35E-10,2.57E-11,9.90E-12,6.86E-12,6.00E-12,5.72E-12,5.64E-12,5.62E-12,5.62E-12,5.63E-12,5.64E-12,5.65E-12,5.66E-12,5.66E-12,5.67E-12,5.68E-12,5.68E-12,5.69E-12,5.69E-12
18,3,3.68E-05,5.51E-08,8.08E-10,8.80E-11,3.39E-11,2.34E-11,2.05E-11,1.95E-11,1.92E-11,1.91E-11,1.91E-11,1.91E-11,1.91E-11,1.91E-11,1.92E-11,1.92E-11,1.92E-11,1.92E-11,1.92E-11,1.92E-11,1.92E-11
18,4,9.50E-05,1.42E-07,2.08E-09,2.27E-10,8.74E-11,6.03E-11,5.26E-11,5.00E-11,4.92E-11,4.89E-11,4.88E-11,4.88E-11,4.88E-11,4.88E-11,4.88E-11,4.88E-11,4.88E-11,4.88E-11,4.89E-11,4.88E-11,4.88E-11
18,5,1.97E-04,2.93E-07,4.33E-09,4.71E-10,1.81E-10,1.25E-10,1.08E-10,1.03E-10,1.01E-10,1.00E-10,9.99E-11,9.98E-11,9.97E-11,9.97E-11,9.96E-11,9.96E-11,9.96E-11,9.96E-11,9.95E-11,9.95E-11,9.95E-11
18,6,3.42E-04,5.06E-07,7.51E-09,8.17E-10,3.13E-10,2.15E-10,1.87E-10,1.77E-10,1.73E-10,1.72E-10,1.71E-10,1.71E-10,1.71E-10,1.70E-10,1.70E-10,1.70E-10,1.70E-10,1.69E-10,1.69E-10,1.69E-10,1.69E-10
18,7,5.11E-04,7.54E-07,1.12E-08,1.22E-09,4.67E-10,3.20E-10,2.77E-10,2.62E-10,2.56E-10,2.54E-10,2.52E-10,2.51E-10,2.51E-10,2.50E-10,2.49E-10,2.49E-10,2.49E-10,2.48E-10,2.48E-10,2.48E-10,2.47E-10
18,8,6.71E-04,9.87E-07,1.47E-08,1.60E-09,6.12E-10,4.18E-10,3.61E-10,3.41E-10,3.33E-10,3.29E-10,3.26E-10,3.25E-10,3.23E-10,3.22E-10,3.21E-10,3.20E-10,3.20E-10,3.19E-10,3.18E-10,3.18E-10,3.17E-10
18,9,7.88E-04,1.15E-06,1.73E-08,1.88E-09,7.17E-10,4.89E-10,4.21E-10,3.96E-10,3.86E-10,3.80E-10,3.77E-10,3.75E-10,3.73E-10,3.71E-10,3.69E-10,3.68E-10,3.67E-10,3.66E-10,3.65E-10,3.64E-10,3.63E-10
18,10,8.38E-04,1.22E-06,1.84E-08,2.00E-09,7.59E-10,5.17E-10,4.44E-10,4.17E-10,4.05E-10,3.98E-10,3.94E-10,3.91E-10,3.88E-10,3.86E-10,3.84E-10,3.82E-10,3.80E-10,3.79E-10,3.78E-10,3.76E-10,3.75E-10
18,11,8.16E-04,1.18E-06,1.79E-08,1.95E-09,7.37E-10,4.99E-10,4.28E-10,4.01E-10,3.88E-10,3.81E-10,3.76E-10,3.73E-10,3.69E-10,3.67E-10,3.64E-10,3.62E-10,3.60E-10,3.59E-10,3.57E-10,3.56E-10,3.55E-10
18,12,7.33E-04,1.06E-06,1.61E-08,1.75E-09,6.59E-10,4.45E-10,3.80E-10,3.55E-10,3.43E-10,3.36E-10,3.31E-10,3.27E-10,3.24E-10,3.21E-10,3.18E-10,3.16E-10,3.14E-10,3.13E-10,3.11E-10,3.10E-10,3.08E-10
18,13,6.12E-04,8.75E-07,1.34E-08,1.45E-09,5.47E-10,3.69E-10,3.14E-10,2.92E-10,2.82E-10,2.75E-10,2.71E-10,2.67E-10,2.64E-10,2.61E-10,2.59E-10,2.57E-10,2.55E-10,2.53E-10,2.51E-10,2.50E-10,2.49E-10
18,14,4.78E-04,6.79E-07,1.05E-08,1.13E-09,4.25E-10,2.86E-10,2.42E-10,2.25E-10,2.16E-10,2.11E-10,2.07E-10,2.04E-10,2.01E-10,1.98E-10,1.96E-10,1.94E-10,1.92E-10,1.91E-10,1.90E-10,1.88E-10,1.87E-10
18,15,3.50E-04,4.94E-07,7.65E-09,8.29E-10,3.11E-10,2.08E-10,1.76E-10,1.63E-10,1.56E-10,1.52E-10,1.48E-10,1.46E-10,1.43E-10,1.41E-10,1.40E-10,1.38E-10,1.37E-10,1.36E-10,1.34E-10,1.33E-10,1.33E-10
18,16,2.43E-04,3.40E-07,5.29E-09,5.73E-10,2.14E-10,1.43E-10,1.20E-10,1.11E-10,1.06E-10,1.03E-10,1.01E-10,9.85E-11,9.67E-11,9.52E-11,9.39E-11,9.27E-11,9.16E-11,9.07E-11,8.99E-11,8.92E-11,8.85E-11
18,17,1.59E-04,2.21E-07,3.46E-09,3.75E-10,1.40E-10,9.28E-11,7.81E-11,7.18E-11,6.85E-11,6.63E-11,6.45E-11,6.31E-11,6.19E-11,6.08E-11,5.98E-11,5.89E-11,5.82E-11,5.76E-11,5.70E-11,5.64E-11,5.60E-11
18,18,9.94E-05,1.37E-07,2.16E-09,2.33E-10,8.67E-11,5.74E-11,4.82E-11,4.42E-11,4.20E-11,4.05E-11,3.94E-11,3.84E-11,3.76E-11,3.69E-11,3.62E-11,3.57E-11,3.52E-11,3.47E-11,3.43E-11,3.40E-11,3.37E-11
18,19,5.91E-05,8.11E-08,1.28E-09,1.38E-10,5.13E-11,3.39E-11,2.83E-11,2.59E-11,2.46E-11,2.37E-11,2.29E-11,2.23E-11,2.18E-11,2.13E-11,2.09E-11,2.06E-11,2.03E-11,2.00E-11,1.97E-11,1.95E-11,1.93E-11
18,20,3.36E-05,4.58E-08,7.25E-10,7.84E-11,2.90E-11,1.91E-11,1.59E-11,1.45E-11,1.38E-11,1.32E-11,1.28E-11,1.24E-11,1.21E-11,1.18E-11,1.16E-11,1.14E-11,1.12E-11,1.10E-11,1.09E-11,1.07E-11,1.06E-11
18,21,1.83E-05,2.47E-08,3.94E-10,4.26E-11,1.57E-11,1.03E-11,8.59E-12,7.82E-12,7.38E-12,7.07E-12,6.82E-12,6.62E-12,6.44E-12,6.28E-12,6.14E-12,6.01E-12,5.91E-12,5.81E-12,5.72E-12,5.64E-12,5.58E-12
18,22,9.55E-06,1.28E-08,2.05E-10,2.22E-11,8.16E-12,5.35E-12,4.44E-12,4.04E-12,3.80E-12,3.63E-12,3.50E-12,3.39E-12,3.29E-12,3.20E-12,3.13E-12,3.06E-12,3.00E-12,2.95E-12,2.90E-12,2.86E-12,2.82E-12
18,23,4.79E-06,6.40E-09,1.03E-10,1.11E-11,4.07E-12,2.67E-12,2.21E-12,2.00E-12,1.88E-12,1.80E-12,1.73E-12,1.67E-12,1.62E-12,1.57E-12,1.53E-12,1.50E-12,1.47E-12,1.44E-12,1.42E-12,1.39E-12,1.38E-12
18,24,2.31E-06,3.08E-09,4.94E-11,5.34E-12,1.96E-12,1.28E-12,1.06E-12,9.58E-13,8.98E-13,8.56E-13,8.22E-13,7.93E-13,7.67E-13,7.45E-13,7.25E-13,7.08E-13,6.93E-13,6.79E-13,6.66E-13,6.56E-13,6.46E-13
18,25,1.08E-06,1.42E-09,2.29E-11,2.48E-12,9.08E-13,5.93E-13,4.89E-13,4.42E-13,4.14E-13,3.93E-13,3.77E-13,3.63E-13,3.51E-13,3.40E-13,3.31E-13,3.23E-13,3.15E-13,3.09E-13,3.03E-13,2.98E-13,2.93E-13
18,26,4.83E-07,6.36E-10,1.03E-11,1.11E-12,4.06E-13,2.65E-13,2.18E-13,1.97E-13,1.84E-13,1.75E-13,1.67E-13,1.61E-13,1.55E-13,1.50E-13,1.46E-13,1.42E-13,1.39E-13,1.36E-13,1.33E-13,1.31E-13,1.29E-13
18,27,2.10E-07,2.75E-10,4.45E-12,4.80E-13,1.76E-13,1.14E-13,9.40E-14,8.47E-14,7.91E-14,7.50E-14,7.17E-14,6.88E-14,6.64E-14,6.42E-14,6.23E-14,6.06E-14,5.91E-14,5.78E-14,5.66E-14,5.55E-14,5.46E-14
18,28,8.79E-08,1.15E-10,1.86E-12,2.01E-13,7.34E-14,4.77E-14,3.92E-14,3.53E-14,3.29E-14,3.12E-14,2.97E-14,2.85E-14,2.75E-14,2.66E-14,2.57E-14,2.50E-14,2.44E-14,2.38E-14,2.33E-14,2.29E-14,2.25E-14
18,29,3.57E-08,4.64E-11,7.53E-13,8.12E-14,2.97E-14,1.93E-14,1.58E-14,1.42E-14,1.33E-14,1.25E-14,1.20E-14,1.15E-14,1.10E-14,1.06E-14,1.03E-14,1.00E-14,9.75E-15,9.52E-15,9.31E-15,9.13E-15,8.97E-15
18,30,1.40E-08,1.82E-11,2.95E-13,3.19E-14,1.16E-14,7.55E-15,6.19E-15,5.56E-15,5.18E-15,4.90E-15,4.66E-15,4.47E-15,4.29E-15,4.14E-15,4.01E-15,3.89E-15,3.78E-15,3.69E-15,3.61E-15,3.54E-15,3.47E-15
18,31,5.34E-09,6.90E-12,1.12E-13,1.21E-14,4.42E-15,2.87E-15,2.35E-15,2.11E-15,1.96E-15,1.85E-15,1.76E-15,1.69E-15,1.62E-15,1.56E-15,1.51E-15,1.47E-15,1.43E-15,1.39E-15,1.36E-15,1.33E-15,1.31E-15
18,32,1.97E-09,2.55E-12,4.14E-14,4.47E-15,1.63E-15,1.06E-15,8.67E-16,7.77E-16,7.22E-16,6.81E-16,6.48E-16,6.20E-16,5.95E-16,5.73E-16,5.54E-16,5.37E-16,5.22E-16,5.09E-16,4.97E-16,4.86E-16,4.77E-16
18,33,7.09E-10,9.11E-13,1.48E-14,1.60E-15,5.84E-16,3.79E-16,3.10E-16,2.78E-16,2.58E-16,2.43E-16,2.31E-16,2.21E-16,2.12E-16,2.04E-16,1.97E-16,1.91E-16,1.86E-16,1.81E-16,1.77E-16,1.73E-16,1.69E-16
18,34,2.47E-10,3.17E-13,5.17E-15,5.57E-16,2.04E-16,1.32E-16,1.08E-16,9.66E-17,8.97E-17,8.45E-17,8.03E-17,7.67E-17,7.36E-17,7.08E-17,6.84E-17,6.62E-17,6.43E-17,6.26E-17,6.11E-17,5.98E-17,5.86E-17
18,35,8.39E-11,1.07E-13,1.75E-15,1.89E-16,6.89E-17,4.47E-17,3.65E-17,3.27E-17,3.03E-17,2.86E-17,2.71E-17,2.59E-17,2.48E-17,2.39E-17,2.31E-17,2.23E-17,2.17E-17,2.11E-17,2.06E-17,2.01E-17,1.97E-17
18,36,2.77E-11,3.54E-14,5.77E-16,6.14E-17,2.27E-17,1.47E-17,1.20E-17,1.08E-17,9.98E-18,9.40E-18,8.93E-18,8.52E-18,8.16E-18,7.85E-18,7.57E-18,7.33E-18,7.11E-18,6.92E-18,6.75E-18,6.60E-18,6.46E-18
18,37,8.91E-12,1.14E-14,1.85E-16,2.27E-17,7.30E-18,4.73E-18,3.86E-18,3.45E-18,3.20E-18,3.01E-18,2.86E-18,2.73E-18,2.61E-18,2.51E-18,2.42E-18,2.34E-18,2.27E-18,2.21E-18,2.16E-18,2.11E-18,2.06E-18
18,38,2.79E-12,3.55E-15,5.80E-17,5.93E-18,2.28E-18,1.50E-18,1.21E-18,1.08E-18,1.00E-18,9.43E-19,8.93E-19,8.52E-19,8.16E-19,7.84E-19,7.54E-19,7.31E-19,7.09E-19,6.90E-19,6.72E-19,6.57E-19,6.43E-19
18,39,8.53E-13,1.08E-15,1.77E-17,4.98E-18,6.96E-19,4.68E-19,3.93E-19,3.27E-19,3.05E-19,2.88E-19,2.72E-19,2.59E-19,2.48E-19,2.39E-19,2.28E-19,2.23E-19,2.16E-19,2.10E-19,2.04E-19,2.00E-19,1.96E-19
18,40,2.54E-13,3.22E-16,5.48E-18,5.62E-20,2.07E-19,1.19E-19,1.21E-19,9.74E-20,9.09E-20,8.48E-20,8.09E-20,7.71E-20,7.38E-20,7.09E-20,6.86E-20,6.64E-20,6.40E-20,6.22E-20,6.07E-20,5.93E-20,5.80E-20
18,41,7.39E-14,9.36E-17,1.56E-18,-1.28E-19,6.02E-20,5.96E-20,2.62E-20,3.25E-20,2.84E-20,2.67E-20,2.35E-20,2.24E-20,2.14E-20,2.05E-20,2.07E-20,1.87E-20,1.86E-20,1.80E-20,1.75E-20,1.72E-20,1.68E-20
18,42,2.10E-14,2.66E-17,4.11E-19,-1.10E-18,1.71E-20,1.85E-20,9.46E-21,3.41E-21,7.68E-21,8.28E-21,6.59E-21,6.34E-21,6.07E-21,5.83E-21,5.68E-21,5.43E-21,5.26E-21,5.11E-21,4.98E-21,4.86E-21,4.76E-21
18,43,5.82E-15,7.36E-18,8.45E-21,-2.03E-18,4.74E-21,-3.04E-21,-1.21E-20,4.09E-21,1.37E-21,1.45E-21,1.86E-21,1.76E-21,1.68E-21,1.61E-21,2.50E-21,1.62E-21,1.45E-21,1.41E-21,1.40E-21,1.34E-21,1.32E-21
18,44,1.58E-15,1.99E-18,1.31E-19,1.32E-19,1.27E-21,-1.53E-21,6.48E-21,-7.39E-22,1.53E-21,1.33E-21,5.24E-22,4.74E-22,4.55E-22,4.37E-22,8.71E-22,2.38E-22,3.94E-22,3.82E-22,3.95E-22,3.64E-22,3.56E-22
18,45,4.19E-16,5.27E-19,-3.59E-20,8.85E-20,3.26E-22,-1.38E-22,2.93E-21,-2.19E-21,-8.37E-22,5.98E-22,1.55E-22,1.26E-22,1.21E-22,1.16E-22,2.19E-22,1.88E-22,1.05E-22,1.01E-22,7.37E-23,9.66E-23,9.42E-23
18,46,1.09E-16,1.37E-19,-4.80E-21,-9.18E-19,8.78E-23,-7.70E-22,4.18E-22,-7.57E-23,-2.37E-22,1.79E-22,5.39E-23,3.36E-23,3.14E-23,3.00E-23,-2.00E-22,3.84E-23,2.84E-23,2.62E-23,2.80E-23,2.53E-23,2.44E-23
18,47,2.77E-17,3.50E-20,1.40E-20,6.67E-20,2.73E-23,-3.46E-22,4.60E-22,-6.51E-22,-8.94E-23,7.59E-23,-1.15E-23,7.89E-24,7.89E-24,7.61E-24,1.26E-22,-1.55E-23,6.59E-24,6.66E-24,6.24E-24,6.34E-24,6.19E-24
18,48,6.89E-18,8.62E-21,-1.16E-20,-1.15E-19,2.29E-24,6.98E-23,2.81E-22,2.90E-22,5.02E-23,2.32E-22,-4.29E-24,2.07E-24,1.98E-24,1.89E-24,-7.09E-23,1.71E-23,1.63E-24,1.66E-24,1.10E-24,1.67E-24,1.54E-24
18,49,1.68E-18,2.16E-21,-1.84E-21,9.29E-21,2.91E-24,-2.28E-23,4.07E-22,-2.00E-22,1.86E-23,2.73E-24,1.81E-24,1.28E-25,4.67E-25,4.61E-25,1.37E-23,-9.19E-25,4.01E-25,4.03E-25,1.75E-24,4.13E-25,3.74E-25
18,50,2.81E-19,3.42E-22,-1.10E-21,5.87E-21,4.53E-25,4.33E-24,7.17E-23,1.91E-25,3.61E-24,9.89E-24,-1.49E-25,1.28E-25,7.70E-26,7.34E-26,9.58E-25,-2.42E-25,4.98E-26,6.31E-26,-6.92E-26,6.31E-26,5.81E-26
19,0,1.05E-07,7.35E-11,8.72E-13,8.41E-14,3.07E-14,2.09E-14,1.82E-14,1.73E-14,1.71E-14,1.71E-14,1.71E-14,1.71E-14,1.72E-14,1.73E-14,1.73E-14,1.73E-14,1.74E-14,1.74E-14,1.74E-14,1.74E-14,1.75E-14
19,1,1.07E-06,7.48E-10,8.90E-12,8.58E-13,3.13E-13,2.13E-13,1.85E-13,1.76E-13,1.73E-13,1.73E-13,1.73E-13,1.74E-13,1.74E-13,1.75E-13,1.75E-13,1.75E-13,1.76E-13,1.76E-13,1.76E-13,1.76E-13,1.76E-13
19,2,5.44E-06,3.82E-09,4.55E-11,4.39E-12,1.60E-12,1.09E-12,9.42E-13,8.97E-13,8.83E-13,8.80E-13,8.80E-13,8.82E-13,8.83E-13,8.85E-13,8.86E-13,8.88E-13,8.89E-13,8.90E-13,8.91E-13,8.92E-13,8.92E-13
19,3,1.86E-05,1.30E-08,1.56E-10,1.50E-11,5.47E-12,3.71E-12,3.21E-12,3.05E-12,3.00E-12,2.99E-12,2.99E-12,2.99E-12,2.99E-12,3.00E-12,3.00E-12,3.00E-12,3.01E-12,3.01E-12,3.01E-12,3.01E-12,3.01E-12
19,4,4.77E-05,3.33E-08,4.00E-10,3.86E-11,1.41E-11,9.50E-12,8.22E-12,7.80E-12,7.67E-12,7.63E-12,7.62E-12,7.62E-12,7.62E-12,7.63E-12,7.63E-12,7.64E-12,7.64E-12,7.64E-12,7.64E-12,7.65E-12,7.65E-12
19,5,9.82E-05,6.85E-08,8.26E-10,7.97E-11,2.90E-11,1.96E-11,1.69E-11,1.60E-11,1.57E-11,1.56E-11,1.56E-11,1.56E-11,1.56E-11,1.56E-11,1.56E-11,1.56E-11,1.56E-11,1.56E-11,1.56E-11,1.56E-11,1.56E-11
19,6,1.69E-04,1.18E-07,1.43E-09,1.38E-10,5.00E-11,3.37E-11,2.90E-11,2.75E-11,2.69E-11,2.67E-11,2.66E-11,2.66E-11,2.66E-11,2.65E-11,2.65E-11,2.65E-11,2.65E-11,2.64E-11,2.64E-11,2.64E-11,2.64E-11
19,7,2.51E-04,1.74E-07,2.12E-09,2.05E-10,7.43E-11,4.99E-11,4.29E-11,4.06E-11,3.97E-11,3.93E-11,3.91E-11,3.90E-11,3.89E-11,3.89E-11,3.88E-11,3.88E-11,3.87E-11,3.87E-11,3.86E-11,3.86E-11,3.86E-11
19,8,3.27E-04,2.26E-07,2.77E-09,2.68E-10,9.68E-11,6.50E-11,5.58E-11,5.26E-11,5.14E-11,5.08E-11,5.05E-11,5.03E-11,5.02E-11,5.00E-11,4.99E-11,4.98E-11,4.97E-11,4.96E-11,4.96E-11,4.95E-11,4.94E-11
19,9,3.81E-04,2.63E-07,3.23E-09,3.12E-10,1.13E-10,7.55E-11,6.47E-11,6.09E-11,5.94E-11,5.86E-11,5.82E-11,5.79E-11,5.76E-11,5.74E-11,5.72E-11,5.71E-11,5.69E-11,5.68E-11,5.67E-11,5.66E-11,5.65E-11
19,10,4.01E-04,2.76E-07,3.41E-09,3.30E-10,1.19E-10,7.94E-11,6.79E-11,6.38E-11,6.20E-11,6.12E-11,6.06E-11,6.02E-11,5.99E-11,5.96E-11,5.93E-11,5.91E-11,5.89E-11,5.87E-11,5.86E-11,5.84E-11,5.83E-11
19,11,3.87E-04,2.65E-07,3.29E-09,3.18E-10,1.15E-10,7.64E-11,6.51E-11,6.10E-11,5.92E-11,5.83E-11,5.77E-11,5.72E-11,5.68E-11,5.64E-11,5.61E-11,5.59E-11,5.56E-11,5.54E-11,5.52E-11,5.51E-11,5.49E-11
19,12,3.44E-04,2.34E-07,2.93E-09,2.84E-10,1.02E-10,6.77E-11,5.76E-11,5.38E-11,5.21E-11,5.12E-11,5.06E-11,5.01E-11,4.96E-11,4.93E-11,4.90E-11,4.87E-11,4.84E-11,4.82E-11,4.80E-11,4.78E-11,4.76E-11
19,13,2.84E-04,1.92E-07,2.42E-09,2.34E-10,8.41E-11,5.57E-11,4.73E-11,4.41E-11,4.26E-11,4.17E-11,4.11E-11,4.07E-11,4.03E-11,3.99E-11,3.96E-11,3.93E-11,3.91E-11,3.89E-11,3.87E-11,3.85E-11,3.83E-11
19,14,2.19E-04,1.47E-07,1.87E-09,1.81E-10,6.48E-11,4.28E-11,3.63E-11,3.37E-11,3.25E-11,3.18E-11,3.13E-11,3.08E-11,3.05E-11,3.02E-11,2.99E-11,2.97E-11,2.95E-11,2.93E-11,2.91E-11,2.89E-11,2.88E-11
19,15,1.59E-04,1.06E-07,1.36E-09,1.32E-10,4.70E-11,3.10E-11,2.61E-11,2.42E-11,2.33E-11,2.27E-11,2.23E-11,2.20E-11,2.17E-11,2.15E-11,2.12E-11,2.10E-11,2.08E-11,2.07E-11,2.05E-11,2.04E-11,2.03E-11
19,16,1.09E-04,7.23E-08,9.29E-10,9.02E-11,3.21E-11,2.11E-11,1.78E-11,1.64E-11,1.58E-11,1.54E-11,1.50E-11,1.48E-11,1.46E-11,1.44E-11,1.42E-11,1.41E-11,1.39E-11,1.38E-11,1.37E-11,1.36E-11,1.35E-11
19,17,7.06E-05,4.66E-08,6.03E-10,5.85E-11,2.08E-11,1.36E-11,1.15E-11,1.06E-11,1.01E-11,9.82E-12,9.61E-12,9.43E-12,9.27E-12,9.13E-12,9.01E-12,8.90E-12,8.80E-12,8.71E-12,8.64E-12,8.57E-12,8.51E-12
19,18,4.36E-05,2.85E-08,3.72E-10,3.61E-11,1.28E-11,8.38E-12,7.02E-12,6.46E-12,6.17E-12,5.98E-12,5.83E-12,5.71E-12,5.61E-12,5.51E-12,5.43E-12,5.36E-12,5.29E-12,5.24E-12,5.18E-12,5.14E-12,5.10E-12
19,19,2.56E-05,1.67E-08,2.19E-10,2.12E-11,7.53E-12,4.91E-12,4.10E-12,3.77E-12,3.59E-12,3.47E-12,3.38E-12,3.30E-12,3.24E-12,3.18E-12,3.12E-12,3.08E-12,3.04E-12,3.00E-12,2.97E-12,2.94E-12,2.91E-12
19,20,1.44E-05,9.33E-09,1.23E-10,1.19E-11,4.22E-12,2.75E-12,2.29E-12,2.10E-12,2.00E-12,1.93E-12,1.87E-12,1.83E-12,1.79E-12,1.75E-12,1.72E-12,1.69E-12,1.67E-12,1.64E-12,1.63E-12,1.61E-12,1.59E-12
19,21,7.78E-06,5.00E-09,6.61E-11,6.43E-12,2.27E-12,1.48E-12,1.23E-12,1.12E-12,1.06E-12,1.02E-12,9.94E-13,9.68E-13,9.45E-13,9.25E-13,9.07E-13,8.91E-13,8.77E-13,8.65E-13,8.53E-13,8.43E-13,8.35E-13
19,22,4.03E-06,2.57E-09,3.41E-11,3.32E-12,1.17E-12,7.60E-13,6.31E-13,5.76E-13,5.45E-13,5.24E-13,5.07E-13,4.93E-13,4.81E-13,4.70E-13,4.60E-13,4.51E-13,4.44E-13,4.37E-13,4.31E-13,4.25E-13,4.20E-13
19,23,2.00E-06,1.27E-09,1.70E-11,1.65E-12,5.82E-13,3.77E-13,3.12E-13,2.84E-13,2.69E-13,2.58E-13,2.49E-13,2.42E-13,2.35E-13,2.30E-13,2.25E-13,2.20E-13,2.16E-13,2.13E-13,2.09E-13,2.07E-13,2.04E-13
19,24,9.61E-07,6.05E-10,8.12E-12,7.90E-13,2.78E-13,1.80E-13,1.49E-13,1.35E-13,1.27E-13,1.22E-13,1.18E-13,1.14E-13,1.11E-13,1.08E-13,1.06E-13,1.03E-13,1.01E-13,9.97E-14,9.82E-14,9.67E-14,9.55E-14
19,25,4.44E-07,2.78E-10,3.74E-12,3.65E-13,1.28E-13,8.27E-14,6.83E-14,6.20E-14,5.84E-14,5.59E-14,5.38E-14,5.21E-14,5.06E-14,4.92E-14,4.80E-14,4.70E-14,4.60E-14,4.52E-14,4.44E-14,4.38E-14,4.32E-14
19,26,1.98E-07,1.23E-10,1.67E-12,1.62E-13,5.71E-14,3.68E-14,3.03E-14,2.75E-14,2.58E-14,2.47E-14,2.38E-14,2.30E-14,2.23E-14,2.16E-14,2.11E-14,2.06E-14,2.02E-14,1.98E-14,1.95E-14,1.91E-14,1.89E-14
19,27,8.55E-08,5.30E-11,7.17E-13,6.99E-14,2.45E-14,1.58E-14,1.30E-14,1.18E-14,1.11E-14,1.06E-14,1.01E-14,9.79E-15,9.49E-15,9.21E-15,8.97E-15,8.76E-15,8.57E-15,8.40E-15,8.24E-15,8.11E-15,7.99E-15
19,28,3.57E-08,2.20E-11,2.99E-13,2.91E-14,1.02E-14,6.57E-15,5.40E-15,4.89E-15,4.58E-15,4.37E-15,4.19E-15,4.04E-15,3.91E-15,3.80E-15,3.70E-15,3.60E-15,3.52E-15,3.45E-15,3.39E-15,3.33E-15,3.28E-15
19,29,1.44E-08,8.85E-12,1.20E-13,1.17E-14,4.11E-15,2.64E-15,2.17E-15,1.96E-15,1.84E-15,1.75E-15,1.68E-15,1.62E-15,1.57E-15,1.52E-15,1.48E-15,1.44E-15,1.40E-15,1.37E-15,1.35E-15,1.32E-15,1.30E-15
19,30,5.64E-09,3.45E-12,4.70E-14,4.58E-15,1.61E-15,1.03E-15,8.47E-16,7.65E-16,7.16E-16,6.82E-16,6.53E-16,6.29E-16,6.07E-16,5.88E-16,5.72E-16,5.57E-16,5.43E-16,5.32E-16,5.21E-16,5.12E-16,5.03E-16
19,31,2.14E-09,1.30E-12,1.78E-14,1.74E-15,6.09E-16,3.91E-16,3.21E-16,2.89E-16,2.71E-16,2.57E-16,2.46E-16,2.37E-16,2.29E-16,2.21E-16,2.15E-16,2.09E-16,2.04E-16,2.00E-16,1.96E-16,1.92E-16,1.89E-16
19,32,7.90E-10,4.79E-13,6.55E-15,6.39E-16,2.24E-16,1.44E-16,1.18E-16,1.06E-16,9.93E-17,9.43E-17,9.03E-17,8.68E-17,8.37E-17,8.10E-17,7.86E-17,7.65E-17,7.46E-17,7.29E-17,7.14E-17,7.00E-17,6.88E-17
19,33,2.83E-10,1.71E-13,2.34E-15,2.28E-16,8.00E-17,5.13E-17,4.21E-17,3.79E-17,3.54E-17,3.36E-17,3.22E-17,3.09E-17,2.98E-17,2.88E-17,2.80E-17,2.72E-17,2.65E-17,2.59E-17,2.53E-17,2.48E-17,2.44E-17
19,34,9.84E-11,5.93E-14,8.13E-16,7.94E-17,2.78E-17,1.78E-17,1.46E-17,1.31E-17,1.23E-17,1.17E-17,1.11E-17,1.07E-17,1.03E-17,9.97E-18,9.66E-18,9.39E-18,9.15E-18,8.93E-18,8.74E-18,8.57E-18,8.42E-18
19,35,3.33E-11,2.00E-14,2.75E-16,2.66E-17,9.39E-18,6.02E-18,4.93E-18,4.44E-18,4.15E-18,3.93E-18,3.76E-18,3.61E-18,3.47E-18,3.36E-18,3.25E-18,3.16E-18,3.08E-18,3.00E-18,2.94E-18,2.88E-18,2.83E-18
19,36,1.10E-11,6.58E-15,9.03E-17,8.71E-18,3.09E-18,1.98E-18,1.62E-18,1.46E-18,1.36E-18,1.29E-18,1.23E-18,1.18E-18,1.14E-18,1.10E-18,1.07E-18,1.04E-18,1.01E-18,9.84E-19,9.62E-19,9.43E-19,9.26E-19
19,37,3.52E-12,2.11E-15,2.89E-17,2.83E-18,9.89E-19,6.34E-19,5.20E-19,4.67E-19,4.36E-19,4.13E-19,3.94E-19,3.78E-19,3.64E-19,3.52E-19,3.40E-19,3.31E-19,3.22E-19,3.14E-19,3.07E-19,3.01E-19,2.95E-19
19,38,1.10E-12,6.58E-16,9.03E-18,7.67E-19,3.09E-19,1.97E-19,1.62E-19,1.46E-19,1.36E-19,1.29E-19,1.23E-19,1.18E-19,1.14E-19,1.10E-19,1.06E-19,1.03E-19,1.00E-19,9.78E-20,9.55E-20,9.36E-20,9.18E-20
19,39,3.37E-13,2.00E-16,2.75E-18,1.36E-19,9.41E-20,6.10E-20,4.84E-20,4.36E-20,4.16E-20,3.93E-20,3.74E-20,3.59E-20,3.45E-20,3.33E-20,3.22E-20,3.13E-20,3.04E-20,2.97E-20,2.90E-20,2.84E-20,2.79E-20
19,40,1.00E-13,5.95E-17,8.18E-19,5.07E-20,2.80E-20,1.88E-20,1.45E-20,1.31E-20,1.23E-20,1.18E-20,1.11E-20,1.06E-20,1.02E-20,9.88E-21,9.60E-21,9.28E-21,9.03E-21,8.80E-21,8.61E-21,8.42E-21,8.26E-21
19,41,2.91E-14,1.73E-17,2.38E-19,1.26E-19,8.12E-21,4.66E-21,3.47E-21,3.60E-21,3.72E-21,3.27E-21,3.22E-21,3.09E-21,2.97E-21,2.86E-21,2.89E-21,2.67E-21,2.62E-21,2.55E-21,2.50E-21,2.44E-21,2.39E-21
19,42,8.25E-15,4.89E-18,6.76E-20,-7.80E-20,2.30E-21,1.65E-21,2.06E-21,9.21E-22,7.64E-22,7.74E-22,9.20E-22,8.74E-22,8.40E-22,8.11E-22,6.08E-22,7.50E-22,7.40E-22,7.21E-22,6.97E-22,6.90E-22,6.76E-22
19,43,2.29E-15,1.35E-18,1.43E-20,-6.73E-20,6.39E-22,1.83E-21,-1.28E-21,3.27E-22,5.68E-22,4.20E-22,2.32E-22,2.42E-22,2.33E-22,2.24E-22,2.11E-22,2.01E-22,2.04E-22,1.99E-22,2.01E-22,1.90E-22,1.87E-22
19,44,6.20E-16,3.66E-19,7.07E-21,-7.39E-21,1.73E-22,6.93E-22,-3.65E-22,5.68E-22,2.42E-22,2.02E-23,7.13E-23,6.51E-23,6.29E-23,6.07E-23,5.16E-23,4.86E-23,5.53E-23,5.39E-23,5.10E-23,5.14E-23,5.05E-23
19,45,1.65E-16,9.70E-20,-5.45E-22,-2.74E-20,4.63E-23,3.34E-22,1.20E-22,2.62E-23,-5.29E-23,1.39E-22,2.25E-23,1.75E-23,1.67E-23,1.61E-23,4.09E-24,3.39E-23,1.46E-23,1.43E-23,1.50E-23,1.37E-23,1.34E-23
19,46,4.27E-17,2.51E-20,2.32E-21,-4.62E-22,1.12E-23,4.14E-22,-2.81E-22,-8.92E-23,-1.44E-23,1.69E-22,1.96E-24,4.44E-24,4.32E-24,4.16E-24,-1.62E-23,1.54E-23,3.85E-24,3.69E-24,4.32E-24,3.52E-24,3.46E-24
19,47,1.08E-17,6.39E-21,-2.18E-22,2.55E-20,2.77E-24,-1.63E-22,-2.13E-22,-1.11E-23,-1.57E-23,-1.06E-23,-5.82E-25,1.23E-24,1.09E-24,1.06E-24,-8.06E-24,1.55E-24,9.08E-25,9.36E-25,1.94E-24,8.90E-25,8.77E-25
19,48,2.70E-18,1.58E-21,5.81E-23,1.39E-21,7.15E-25,-1.79E-22,1.10E-22,-2.04E-23,8.66E-24,2.39E-24,-1.75E-24,3.30E-25,2.71E-25,2.62E-25,4.09E-24,6.02E-25,2.12E-25,2.33E-25,-2.39E-25,2.25E-25,2.18E-25
19,49,6.58E-19,3.89E-22,-4.04E-23,1.41E-21,2.95E-25,1.37E-23,2.69E-23,-5.85E-24,-1.93E-24,4.31E-24,2.72E-25,6.65E-26,6.61E-26,6.38E-26,-2.72E-24,-7.33E-25,5.81E-26,5.65E-26,2.86E-25,5.61E-26,5.30E-26
19,50,9.37E-20,5.51E-23,1.28E-23,9.40E-23,2.01E-26,5.63E-24,-2.48E-24,2.88E-24,-1.28E-24,2.91E-24,5.52E-26,1.11E-26,9.83E-27,9.40E-27,4.92E-26,-3.57E-26,7.66E-27,8.24E-27,3.65E-26,5.72E-27,7.68E-27
20,0,3.52E-08,1.18E-11,1.16E-13,1.02E-14,3.59E-15,2.43E-15,2.12E-15,2.05E-15,2.04E-15,2.05E-15,2.07E-15,2.09E-15,2.11E-15,2.13E-15,2.15E-15,2.17E-15,2.18E-15,2.19E-15,2.20E-15,2.21E-15,2.22E-15
20,1,3.54E-07,1.19E-10,1.18E-12,1.03E-13,3.63E-14,2.45E-14,2.14E-14,2.06E-14,2.05E-14,2.07E-14,2.09E-14,2.11E-14,2.13E-14,2.15E-14,2.16E-14,2.18E-14,2.19E-14,2.20E-14,2.21E-14,2.22E-14,2.23E-14
20,2,1.78E-06,5.99E-10,5.95E-12,5.20E-13,1.84E-13,1.24E-13,1.08E-13,1.04E-13,1.04E-13,1.04E-13,1.05E-13,1.06E-13,1.07E-13,1.08E-13,1.09E-13,1.10E-13,1.10E-13,1.11E-13,1.11E-13,1.12E-13,1.12E-13
20,3,5.98E-06,2.02E-09,2.01E-11,1.76E-12,6.20E-13,4.18E-13,3.65E-13,3.50E-13,3.48E-13,3.50E-13,3.54E-13,3.57E-13,3.60E-13,3.63E-13,3.66E-13,3.68E-13,3.70E-13,3.72E-13,3.74E-13,3.75E-13,3.76E-13
20,4,1.51E-05,5.09E-09,5.08E-11,4.45E-12,1.57E-12,1.06E-12,9.24E-13,8.86E-13,8.81E-13,8.85E-13,8.93E-13,9.00E-13,9.08E-13,9.15E-13,9.21E-13,9.27E-13,9.32E-13,9.36E-13,9.41E-13,9.44E-13,9.47E-13
20,5,3.04E-05,1.03E-08,1.03E-10,9.05E-12,3.19E-12,2.15E-12,1.87E-12,1.79E-12,1.78E-12,1.79E-12,1.80E-12,1.82E-12,1.83E-12,1.84E-12,1.86E-12,1.87E-12,1.88E-12,1.89E-12,1.90E-12,1.90E-12,1.91E-12
20,6,5.12E-05,1.74E-08,1.75E-10,1.53E-11,5.40E-12,3.63E-12,3.16E-12,3.03E-12,3.01E-12,3.02E-12,3.04E-12,3.07E-12,3.09E-12,3.11E-12,3.13E-12,3.15E-12,3.16E-12,3.18E-12,3.19E-12,3.20E-12,3.21E-12
20,7,7.39E-05,2.52E-08,2.54E-10,2.23E-11,7.86E-12,5.28E-12,4.59E-12,4.40E-12,4.35E-12,4.37E-12,4.40E-12,4.43E-12,4.46E-12,4.49E-12,4.51E-12,4.54E-12,4.56E-12,4.58E-12,4.59E-12,4.61E-12,4.62E-12
20,8,9.34E-05,3.19E-08,3.23E-10,2.85E-11,1.00E-11,6.72E-12,5.84E-12,5.58E-12,5.52E-12,5.54E-12,5.57E-12,5.61E-12,5.65E-12,5.68E-12,5.71E-12,5.74E-12,5.76E-12,5.78E-12,5.80E-12,5.82E-12,5.83E-12
20,9,1.05E-04,3.60E-08,3.66E-10,3.23E-11,1.14E-11,7.62E-12,6.61E-12,6.31E-12,6.25E-12,6.25E-12,6.29E-12,6.32E-12,6.36E-12,6.39E-12,6.42E-12,6.45E-12,6.48E-12,6.50E-12,6.52E-12,6.54E-12,6.55E-12
20,10,1.06E-04,3.67E-08,3.75E-10,3.31E-11,1.16E-11,7.79E-12,6.75E-12,6.44E-12,6.36E-12,6.36E-12,6.39E-12,6.42E-12,6.45E-12,6.48E-12,6.51E-12,6.53E-12,6.56E-12,6.58E-12,6.60E-12,6.62E-12,6.63E-12
20,11,9.80E-05,3.40E-08,3.49E-10,3.08E-11,1.08E-11,7.25E-12,6.27E-12,5.98E-12,5.90E-12,5.89E-12,5.91E-12,5.94E-12,5.96E-12,5.99E-12,6.01E-12,6.03E-12,6.05E-12,6.07E-12,6.08E-12,6.09E-12,6.11E-12
20,12,8.29E-05,2.89E-08,2.98E-10,2.64E-11,9.28E-12,6.20E-12,5.36E-12,5.10E-12,5.02E-12,5.01E-12,5.02E-12,5.04E-12,5.06E-12,5.08E-12,5.09E-12,5.11E-12,5.12E-12,5.14E-12,5.15E-12,5.16E-12,5.17E-12
20,13,6.49E-05,2.28E-08,2.36E-10,2.09E-11,7.35E-12,4.91E-12,4.23E-12,4.02E-12,3.96E-12,3.94E-12,3.95E-12,3.96E-12,3.97E-12,3.98E-12,4.00E-12,4.00E-12,4.01E-12,4.02E-12,4.03E-12,4.03E-12,4.04E-12
20,14,4.72E-05,1.67E-08,1.74E-10,1.55E-11,5.42E-12,3.61E-12,3.11E-12,2.96E-12,2.90E-12,2.89E-12,2.89E-12,2.90E-12,2.90E-12,2.90E-12,2.91E-12,2.91E-12,2.92E-12,2.92E-12,2.93E-12,2.93E-12,2.94E-12
20,15,3.21E-05,1.14E-08,1.20E-10,1.07E-11,3.75E-12,2.49E-12,2.14E-12,2.03E-12,1.99E-12,1.98E-12,1.98E-12,1.98E-12,1.98E-12,1.98E-12,1.99E-12,1.99E-12,1.99E-12,1.99E-12,1.99E-12,1.99E-12,2.00E-12
20,16,2.05E-05,7.35E-09,7.78E-11,6.94E-12,2.43E-12,1.62E-12,1.39E-12,1.31E-12,1.29E-12,1.28E-12,1.27E-12,1.27E-12,1.27E-12,1.27E-12,1.27E-12,1.27E-12,1.27E-12,1.27E-12,1.27E-12,1.27E-12,1.27E-12
20,17,1.23E-05,4.47E-09,4.76E-11,4.26E-12,1.49E-12,9.90E-13,8.48E-13,8.00E-13,7.82E-13,7.76E-13,7.73E-13,7.72E-13,7.70E-13,7.69E-13,7.69E-13,7.69E-13,7.68E-13,7.68E-13,7.68E-13,7.68E-13,7.68E-13
20,18,7.04E-06,2.57E-09,2.76E-11,2.48E-12,8.67E-13,5.75E-13,4.91E-13,4.63E-13,4.51E-13,4.47E-13,4.44E-13,4.43E-13,4.42E-13,4.41E-13,4.41E-13,4.40E-13,4.39E-13,4.39E-13,4.39E-13,4.38E-13,4.38E-13
20,19,3.81E-06,1.41E-09,1.52E-11,1.37E-12,4.79E-13,3.17E-13,2.70E-13,2.54E-13,2.48E-13,2.45E-13,2.43E-13,2.42E-13,2.41E-13,2.40E-13,2.40E-13,2.39E-13,2.38E-13,2.38E-13,2.38E-13,2.37E-13,2.37E-13
20,20,1.97E-06,7.33E-10,8.02E-12,7.24E-13,2.53E-13,1.67E-13,1.42E-13,1.33E-13,1.30E-13,1.28E-13,1.27E-13,1.26E-13,1.25E-13,1.25E-13,1.24E-13,1.24E-13,1.24E-13,1.23E-13,1.23E-13,1.23E-13,1.22E-13
20,21,9.69E-07,3.65E-10,4.03E-12,3.65E-13,1.28E-13,8.40E-14,7.13E-14,6.67E-14,6.48E-14,6.38E-14,6.31E-14,6.26E-14,6.22E-14,6.19E-14,6.16E-14,6.14E-14,6.11E-14,6.09E-14,6.07E-14,6.06E-14,6.04E-14
20,22,4.57E-07,1.75E-10,1.94E-12,1.77E-13,6.17E-14,4.05E-14,3.44E-14,3.21E-14,3.11E-14,3.05E-14,3.01E-14,2.99E-14,2.96E-14,2.94E-14,2.93E-14,2.91E-14,2.90E-14,2.88E-14,2.87E-14,2.86E-14,2.85E-14
20,23,2.07E-07,8.01E-11,9.01E-13,8.20E-14,2.86E-14,1.88E-14,1.59E-14,1.48E-14,1.43E-14,1.40E-14,1.38E-14,1.37E-14,1.35E-14,1.34E-14,1.33E-14,1.33E-14,1.32E-14,1.31E-14,1.31E-14,1.30E-14,1.30E-14
20,24,9.02E-08,3.53E-11,4.02E-13,3.67E-14,1.28E-14,8.39E-15,7.08E-15,6.58E-15,6.34E-15,6.20E-15,6.11E-15,6.03E-15,5.97E-15,5.91E-15,5.86E-15,5.81E-15,5.77E-15,5.74E-15,5.71E-15,5.68E-15,5.66E-15
20,25,3.78E-08,1.50E-11,1.73E-13,1.58E-14,5.52E-15,3.61E-15,3.04E-15,2.82E-15,2.71E-15,2.65E-15,2.60E-15,2.56E-15,2.53E-15,2.50E-15,2.48E-15,2.46E-15,2.44E-15,2.42E-15,2.41E-15,2.39E-15,2.38E-15
20,26,1.53E-08,6.19E-12,7.17E-14,6.60E-15,2.30E-15,1.50E-15,1.26E-15,1.17E-15,1.12E-15,1.09E-15,1.07E-15,1.05E-15,1.04E-15,1.03E-15,1.01E-15,1.00E-15,9.95E-16,9.87E-16,9.80E-16,9.73E-16,9.68E-16
20,27,6.01E-09,2.46E-12,2.88E-14,2.66E-15,9.27E-16,6.04E-16,5.06E-16,4.68E-16,4.48E-16,4.35E-16,4.26E-16,4.19E-16,4.12E-16,4.06E-16,4.01E-16,3.96E-16,3.93E-16,3.89E-16,3.86E-16,3.83E-16,3.80E-16
20,28,2.28E-09,9.48E-13,1.12E-14,1.04E-15,3.62E-16,2.35E-16,1.97E-16,1.81E-16,1.74E-16,1.68E-16,1.64E-16,1.61E-16,1.58E-16,1.56E-16,1.54E-16,1.52E-16,1.50E-16,1.49E-16,1.47E-16,1.46E-16,1.45E-16
20,29,8.39E-10,3.55E-13,4.24E-15,3.94E-16,1.37E-16,8.90E-17,7.43E-17,6.83E-17,6.52E-17,6.32E-17,6.16E-17,6.02E-17,5.91E-17,5.81E-17,5.72E-17,5.64E-17,5.57E-17,5.51E-17,5.45E-17,5.40E-17,5.36E-17
20,30,3.00E-10,1.29E-13,1.55E-15,1.45E-16,5.04E-17,3.27E-17,2.72E-17,2.50E-17,2.38E-17,2.30E-17,2.24E-17,2.19E-17,2.14E-17,2.10E-17,2.07E-17,2.04E-17,2.01E-17,1.99E-17,1.96E-17,1.94E-17,1.93E-17
20,31,1.04E-10,4.55E-14,5.54E-16,5.18E-17,1.80E-17,1.17E-17,9.71E-18,8.89E-18,8.45E-18,8.15E-18,7.92E-18,7.72E-18,7.55E-18,7.40E-18,7.27E-18,7.16E-18,7.05E-18,6.95E-18,6.87E-18,6.80E-18,6.73E-18
20,32,3.53E-11,1.56E-14,1.92E-16,1.80E-17,6.27E-18,4.05E-18,3.37E-18,3.08E-18,2.92E-18,2.81E-18,2.73E-18,2.65E-18,2.59E-18,2.54E-18,2.49E-18,2.44E-18,2.41E-18,2.37E-18,2.34E-18,2.31E-18,2.29E-18
20,33,1.16E-11,5.23E-15,6.49E-17,6.10E-18,2.12E-18,1.37E-18,1.14E-18,1.04E-18,9.82E-19,9.44E-19,9.14E-19,8.89E-19,8.67E-19,8.47E-19,8.30E-19,8.15E-19,8.01E-19,7.89E-19,7.78E-19,7.68E-19,7.60E-19
20,34,3.74E-12,1.71E-15,2.13E-17,2.01E-18,7.00E-19,4.52E-19,3.74E-19,3.41E-19,3.22E-19,3.09E-19,2.99E-19,2.90E-19,2.83E-19,2.76E-19,2.70E-19,2.65E-19,2.60E-19,2.56E-19,2.52E-19,2.49E-19,2.46E-19
20,35,1.17E-12,5.44E-16,6.85E-18,6.45E-19,2.25E-19,1.45E-19,1.20E-19,1.09E-19,1.03E-19,9.88E-20,9.54E-20,9.25E-20,9.00E-20,8.77E-20,8.57E-20,8.39E-20,8.24E-20,8.09E-20,7.97E-20,7.86E-20,7.75E-20
20,36,3.60E-13,1.69E-16,2.15E-18,2.01E-19,7.07E-20,4.55E-20,3.76E-20,3.41E-20,3.22E-20,3.08E-20,2.97E-20,2.88E-20,2.80E-20,2.72E-20,2.66E-20,2.60E-20,2.55E-20,2.50E-20,2.46E-20,2.42E-20,2.39E-20
20,37,1.08E-13,5.14E-17,6.55E-19,6.16E-20,2.17E-20,1.39E-20,1.15E-20,1.04E-20,9.82E-21,9.38E-21,9.04E-21,8.74E-21,8.48E-21,8.25E-21,8.05E-21,7.87E-21,7.70E-21,7.56E-21,7.43E-21,7.32E-21,7.21E-21
20,38,3.17E-14,1.52E-17,1.96E-19,1.91E-20,6.48E-21,4.15E-21,3.43E-21,3.11E-21,2.93E-21,2.80E-21,2.69E-21,2.60E-21,2.52E-21,2.44E-21,2.38E-21,2.33E-21,2.28E-21,2.23E-21,2.19E-21,2.16E-21,2.13E-21
20,39,9.08E-15,4.42E-18,5.71E-20,7.01E-21,1.89E-21,1.23E-21,1.00E-21,9.10E-22,8.45E-22,8.23E-22,7.81E-22,7.54E-22,7.30E-22,7.09E-22,6.88E-22,6.75E-22,6.59E-22,6.45E-22,6.33E-22,6.23E-22,6.13E-22
20,40,2.55E-15,1.25E-18,1.66E-20,2.32E-21,5.41E-22,3.64E-22,2.78E-22,2.59E-22,2.41E-22,2.43E-22,2.23E-22,2.14E-22,2.07E-22,2.01E-22,1.97E-22,1.90E-22,1.86E-22,1.83E-22,1.79E-22,1.76E-22,1.73E-22
20,41,7.00E-16,3.48E-19,4.71E-21,1.03E-21,1.51E-22,9.14E-23,8.12E-23,7.10E-23,7.66E-23,6.58E-23,6.14E-23,5.95E-23,5.76E-23,5.58E-23,5.27E-23,5.35E-23,5.16E-23,5.05E-23,4.97E-23,4.87E-23,4.79E-23
20,42,1.89E-16,9.46E-20,1.19E-21,4.35E-22,4.15E-23,2.73E-23,1.41E-23,2.13E-23,4.76E-24,2.23E-23,1.68E-23,1.62E-23,1.57E-23,1.52E-23,1.57E-23,1.42E-23,1.40E-23,1.37E-23,1.35E-23,1.32E-23,1.30E-23
20,43,4.98E-17,2.52E-20,1.85E-22,-2.74E-21,1.10E-23,7.50E-24,-1.90E-24,5.87E-24,-4.60E-24,1.93E-23,4.38E-24,4.32E-24,4.17E-24,4.04E-24,4.07E-24,3.65E-24,3.71E-24,3.63E-24,3.58E-24,3.49E-24,3.44E-24
20,44,1.29E-17,6.57E-21,3.83E-23,9.60E-23,2.91E-24,1.03E-23,3.03E-24,2.60E-24,5.55E-25,-1.07E-24,1.26E-24,1.13E-24,1.09E-24,1.05E-24,2.56E-25,1.02E-24,9.67E-25,9.46E-25,1.14E-24,9.08E-25,8.93E-25
20,45,3.27E-18,1.68E-21,3.69E-23,-6.30E-22,7.48E-25,-1.44E-24,1.84E-24,8.20E-25,1.41E-24,-2.26E-24,3.21E-25,2.89E-25,2.78E-25,2.69E-25,9.79E-25,1.10E-25,2.46E-25,2.41E-25,2.15E-25,2.31E-25,2.28E-25
20,46,8.13E-19,4.20E-22,-3.71E-24,1.06E-22,1.85E-25,-1.05E-23,-3.60E-24,2.04E-25,1.59E-24,-9.12E-25,1.48E-25,6.48E-26,6.97E-26,6.74E-26,7.73E-26,3.29E-25,6.21E-26,6.04E-26,4.96E-26,5.54E-26,5.69E-26
20,47,1.98E-19,1.03E-22,-1.16E-23,-1.22E-22,4.75E-26,-2.39E-24,-3.93E-24,3.03E-25,1.18E-24,2.71E-25,5.43E-26,1.88E-26,1.71E-26,1.65E-26,2.03E-25,9.66E-26,1.35E-26,1.48E-26,-3.23E-27,1.30E-26,1.39E-26
20,48,4.73E-20,2.47E-23,2.14E-24,-1.44E-22,1.44E-26,9.84E-25,-5.06E-25,4.17E-26,-5.70E-26,-8.27E-27,-2.62E-26,4.95E-27,4.11E-27,3.97E-27,-1.03E-26,-2.06E-27,3.61E-27,3.55E-27,6.01E-27,3.38E-27,3.34E-27
20,49,1.10E-20,5.76E-24,6.24E-25,-2.48E-26,2.96E-27,4.75E-25,2.98E-25,-2.07E-25,1.65E-26,-4.80E-27,1.51E-27,1.18E-27,9.59E-28,9.24E-28,4.46E-28,1.45E-27,7.63E-28,8.26E-28,3.11E-27,7.73E-28,7.76E-28
20,50,1.47E-21,7.79E-25,-1.56E-26,-1.83E-23,4.00E-28,6.73E-26,-8.52E-26,3.30E-27,-5.66E-27,1.61E-27,2.97E-28,1.83E-28,1.34E-28,1.29E-28,7.92E-27,1.43E-27,1.09E-28,1.15E-28,4.64E-28,1.10E-28,1.07E-28
